20 20 1 2
Map file for 20x20x1 Graphene cell.
0 0 0 0 1
0 0 0 1 2
1 0 0 0 3
1 0 0 1 4
2 0 0 0 5
2 0 0 1 6
3 0 0 0 7
3 0 0 1 8
4 0 0 0 9
4 0 0 1 10
5 0 0 0 11
5 0 0 1 12
6 0 0 0 13
6 0 0 1 14
7 0 0 0 15
7 0 0 1 16
8 0 0 0 17
8 0 0 1 18
9 0 0 0 19
9 0 0 1 20
10 0 0 0 21
10 0 0 1 22
11 0 0 0 23
11 0 0 1 24
12 0 0 0 25
12 0 0 1 26
13 0 0 0 27
13 0 0 1 28
14 0 0 0 29
14 0 0 1 30
15 0 0 0 31
15 0 0 1 32
16 0 0 0 33
16 0 0 1 34
17 0 0 0 35
17 0 0 1 36
18 0 0 0 37
18 0 0 1 38
19 0 0 0 39
19 0 0 1 40
0 1 0 0 41
0 1 0 1 42
1 1 0 0 43
1 1 0 1 44
2 1 0 0 45
2 1 0 1 46
3 1 0 0 47
3 1 0 1 48
4 1 0 0 49
4 1 0 1 50
5 1 0 0 51
5 1 0 1 52
6 1 0 0 53
6 1 0 1 54
7 1 0 0 55
7 1 0 1 56
8 1 0 0 57
8 1 0 1 58
9 1 0 0 59
9 1 0 1 60
10 1 0 0 61
10 1 0 1 62
11 1 0 0 63
11 1 0 1 64
12 1 0 0 65
12 1 0 1 66
13 1 0 0 67
13 1 0 1 68
14 1 0 0 69
14 1 0 1 70
15 1 0 0 71
15 1 0 1 72
16 1 0 0 73
16 1 0 1 74
17 1 0 0 75
17 1 0 1 76
18 1 0 0 77
18 1 0 1 78
19 1 0 0 79
19 1 0 1 80
0 2 0 0 81
0 2 0 1 82
1 2 0 0 83
1 2 0 1 84
2 2 0 0 85
2 2 0 1 86
3 2 0 0 87
3 2 0 1 88
4 2 0 0 89
4 2 0 1 90
5 2 0 0 91
5 2 0 1 92
6 2 0 0 93
6 2 0 1 94
7 2 0 0 95
7 2 0 1 96
8 2 0 0 97
8 2 0 1 98
9 2 0 0 99
9 2 0 1 100
10 2 0 0 101
10 2 0 1 102
11 2 0 0 103
11 2 0 1 104
12 2 0 0 105
12 2 0 1 106
13 2 0 0 107
13 2 0 1 108
14 2 0 0 109
14 2 0 1 110
15 2 0 0 111
15 2 0 1 112
16 2 0 0 113
16 2 0 1 114
17 2 0 0 115
17 2 0 1 116
18 2 0 0 117
18 2 0 1 118
19 2 0 0 119
19 2 0 1 120
0 3 0 0 121
0 3 0 1 122
1 3 0 0 123
1 3 0 1 124
2 3 0 0 125
2 3 0 1 126
3 3 0 0 127
3 3 0 1 128
4 3 0 0 129
4 3 0 1 130
5 3 0 0 131
5 3 0 1 132
6 3 0 0 133
6 3 0 1 134
7 3 0 0 135
7 3 0 1 136
8 3 0 0 137
8 3 0 1 138
9 3 0 0 139
9 3 0 1 140
10 3 0 0 141
10 3 0 1 142
11 3 0 0 143
11 3 0 1 144
12 3 0 0 145
12 3 0 1 146
13 3 0 0 147
13 3 0 1 148
14 3 0 0 149
14 3 0 1 150
15 3 0 0 151
15 3 0 1 152
16 3 0 0 153
16 3 0 1 154
17 3 0 0 155
17 3 0 1 156
18 3 0 0 157
18 3 0 1 158
19 3 0 0 159
19 3 0 1 160
0 4 0 0 161
0 4 0 1 162
1 4 0 0 163
1 4 0 1 164
2 4 0 0 165
2 4 0 1 166
3 4 0 0 167
3 4 0 1 168
4 4 0 0 169
4 4 0 1 170
5 4 0 0 171
5 4 0 1 172
6 4 0 0 173
6 4 0 1 174
7 4 0 0 175
7 4 0 1 176
8 4 0 0 177
8 4 0 1 178
9 4 0 0 179
9 4 0 1 180
10 4 0 0 181
10 4 0 1 182
11 4 0 0 183
11 4 0 1 184
12 4 0 0 185
12 4 0 1 186
13 4 0 0 187
13 4 0 1 188
14 4 0 0 189
14 4 0 1 190
15 4 0 0 191
15 4 0 1 192
16 4 0 0 193
16 4 0 1 194
17 4 0 0 195
17 4 0 1 196
18 4 0 0 197
18 4 0 1 198
19 4 0 0 199
19 4 0 1 200
0 5 0 0 201
0 5 0 1 202
1 5 0 0 203
1 5 0 1 204
2 5 0 0 205
2 5 0 1 206
3 5 0 0 207
3 5 0 1 208
4 5 0 0 209
4 5 0 1 210
5 5 0 0 211
5 5 0 1 212
6 5 0 0 213
6 5 0 1 214
7 5 0 0 215
7 5 0 1 216
8 5 0 0 217
8 5 0 1 218
9 5 0 0 219
9 5 0 1 220
10 5 0 0 221
10 5 0 1 222
11 5 0 0 223
11 5 0 1 224
12 5 0 0 225
12 5 0 1 226
13 5 0 0 227
13 5 0 1 228
14 5 0 0 229
14 5 0 1 230
15 5 0 0 231
15 5 0 1 232
16 5 0 0 233
16 5 0 1 234
17 5 0 0 235
17 5 0 1 236
18 5 0 0 237
18 5 0 1 238
19 5 0 0 239
19 5 0 1 240
0 6 0 0 241
0 6 0 1 242
1 6 0 0 243
1 6 0 1 244
2 6 0 0 245
2 6 0 1 246
3 6 0 0 247
3 6 0 1 248
4 6 0 0 249
4 6 0 1 250
5 6 0 0 251
5 6 0 1 252
6 6 0 0 253
6 6 0 1 254
7 6 0 0 255
7 6 0 1 256
8 6 0 0 257
8 6 0 1 258
9 6 0 0 259
9 6 0 1 260
10 6 0 0 261
10 6 0 1 262
11 6 0 0 263
11 6 0 1 264
12 6 0 0 265
12 6 0 1 266
13 6 0 0 267
13 6 0 1 268
14 6 0 0 269
14 6 0 1 270
15 6 0 0 271
15 6 0 1 272
16 6 0 0 273
16 6 0 1 274
17 6 0 0 275
17 6 0 1 276
18 6 0 0 277
18 6 0 1 278
19 6 0 0 279
19 6 0 1 280
0 7 0 0 281
0 7 0 1 282
1 7 0 0 283
1 7 0 1 284
2 7 0 0 285
2 7 0 1 286
3 7 0 0 287
3 7 0 1 288
4 7 0 0 289
4 7 0 1 290
5 7 0 0 291
5 7 0 1 292
6 7 0 0 293
6 7 0 1 294
7 7 0 0 295
7 7 0 1 296
8 7 0 0 297
8 7 0 1 298
9 7 0 0 299
9 7 0 1 300
10 7 0 0 301
10 7 0 1 302
11 7 0 0 303
11 7 0 1 304
12 7 0 0 305
12 7 0 1 306
13 7 0 0 307
13 7 0 1 308
14 7 0 0 309
14 7 0 1 310
15 7 0 0 311
15 7 0 1 312
16 7 0 0 313
16 7 0 1 314
17 7 0 0 315
17 7 0 1 316
18 7 0 0 317
18 7 0 1 318
19 7 0 0 319
19 7 0 1 320
0 8 0 0 321
0 8 0 1 322
1 8 0 0 323
1 8 0 1 324
2 8 0 0 325
2 8 0 1 326
3 8 0 0 327
3 8 0 1 328
4 8 0 0 329
4 8 0 1 330
5 8 0 0 331
5 8 0 1 332
6 8 0 0 333
6 8 0 1 334
7 8 0 0 335
7 8 0 1 336
8 8 0 0 337
8 8 0 1 338
9 8 0 0 339
9 8 0 1 340
10 8 0 0 341
10 8 0 1 342
11 8 0 0 343
11 8 0 1 344
12 8 0 0 345
12 8 0 1 346
13 8 0 0 347
13 8 0 1 348
14 8 0 0 349
14 8 0 1 350
15 8 0 0 351
15 8 0 1 352
16 8 0 0 353
16 8 0 1 354
17 8 0 0 355
17 8 0 1 356
18 8 0 0 357
18 8 0 1 358
19 8 0 0 359
19 8 0 1 360
0 9 0 0 361
0 9 0 1 362
1 9 0 0 363
1 9 0 1 364
2 9 0 0 365
2 9 0 1 366
3 9 0 0 367
3 9 0 1 368
4 9 0 0 369
4 9 0 1 370
5 9 0 0 371
5 9 0 1 372
6 9 0 0 373
6 9 0 1 374
7 9 0 0 375
7 9 0 1 376
8 9 0 0 377
8 9 0 1 378
9 9 0 0 379
9 9 0 1 380
10 9 0 0 381
10 9 0 1 382
11 9 0 0 383
11 9 0 1 384
12 9 0 0 385
12 9 0 1 386
13 9 0 0 387
13 9 0 1 388
14 9 0 0 389
14 9 0 1 390
15 9 0 0 391
15 9 0 1 392
16 9 0 0 393
16 9 0 1 394
17 9 0 0 395
17 9 0 1 396
18 9 0 0 397
18 9 0 1 398
19 9 0 0 399
19 9 0 1 400
0 10 0 0 401
0 10 0 1 402
1 10 0 0 403
1 10 0 1 404
2 10 0 0 405
2 10 0 1 406
3 10 0 0 407
3 10 0 1 408
4 10 0 0 409
4 10 0 1 410
5 10 0 0 411
5 10 0 1 412
6 10 0 0 413
6 10 0 1 414
7 10 0 0 415
7 10 0 1 416
8 10 0 0 417
8 10 0 1 418
9 10 0 0 419
9 10 0 1 420
10 10 0 0 421
10 10 0 1 422
11 10 0 0 423
11 10 0 1 424
12 10 0 0 425
12 10 0 1 426
13 10 0 0 427
13 10 0 1 428
14 10 0 0 429
14 10 0 1 430
15 10 0 0 431
15 10 0 1 432
16 10 0 0 433
16 10 0 1 434
17 10 0 0 435
17 10 0 1 436
18 10 0 0 437
18 10 0 1 438
19 10 0 0 439
19 10 0 1 440
0 11 0 0 441
0 11 0 1 442
1 11 0 0 443
1 11 0 1 444
2 11 0 0 445
2 11 0 1 446
3 11 0 0 447
3 11 0 1 448
4 11 0 0 449
4 11 0 1 450
5 11 0 0 451
5 11 0 1 452
6 11 0 0 453
6 11 0 1 454
7 11 0 0 455
7 11 0 1 456
8 11 0 0 457
8 11 0 1 458
9 11 0 0 459
9 11 0 1 460
10 11 0 0 461
10 11 0 1 462
11 11 0 0 463
11 11 0 1 464
12 11 0 0 465
12 11 0 1 466
13 11 0 0 467
13 11 0 1 468
14 11 0 0 469
14 11 0 1 470
15 11 0 0 471
15 11 0 1 472
16 11 0 0 473
16 11 0 1 474
17 11 0 0 475
17 11 0 1 476
18 11 0 0 477
18 11 0 1 478
19 11 0 0 479
19 11 0 1 480
0 12 0 0 481
0 12 0 1 482
1 12 0 0 483
1 12 0 1 484
2 12 0 0 485
2 12 0 1 486
3 12 0 0 487
3 12 0 1 488
4 12 0 0 489
4 12 0 1 490
5 12 0 0 491
5 12 0 1 492
6 12 0 0 493
6 12 0 1 494
7 12 0 0 495
7 12 0 1 496
8 12 0 0 497
8 12 0 1 498
9 12 0 0 499
9 12 0 1 500
10 12 0 0 501
10 12 0 1 502
11 12 0 0 503
11 12 0 1 504
12 12 0 0 505
12 12 0 1 506
13 12 0 0 507
13 12 0 1 508
14 12 0 0 509
14 12 0 1 510
15 12 0 0 511
15 12 0 1 512
16 12 0 0 513
16 12 0 1 514
17 12 0 0 515
17 12 0 1 516
18 12 0 0 517
18 12 0 1 518
19 12 0 0 519
19 12 0 1 520
0 13 0 0 521
0 13 0 1 522
1 13 0 0 523
1 13 0 1 524
2 13 0 0 525
2 13 0 1 526
3 13 0 0 527
3 13 0 1 528
4 13 0 0 529
4 13 0 1 530
5 13 0 0 531
5 13 0 1 532
6 13 0 0 533
6 13 0 1 534
7 13 0 0 535
7 13 0 1 536
8 13 0 0 537
8 13 0 1 538
9 13 0 0 539
9 13 0 1 540
10 13 0 0 541
10 13 0 1 542
11 13 0 0 543
11 13 0 1 544
12 13 0 0 545
12 13 0 1 546
13 13 0 0 547
13 13 0 1 548
14 13 0 0 549
14 13 0 1 550
15 13 0 0 551
15 13 0 1 552
16 13 0 0 553
16 13 0 1 554
17 13 0 0 555
17 13 0 1 556
18 13 0 0 557
18 13 0 1 558
19 13 0 0 559
19 13 0 1 560
0 14 0 0 561
0 14 0 1 562
1 14 0 0 563
1 14 0 1 564
2 14 0 0 565
2 14 0 1 566
3 14 0 0 567
3 14 0 1 568
4 14 0 0 569
4 14 0 1 570
5 14 0 0 571
5 14 0 1 572
6 14 0 0 573
6 14 0 1 574
7 14 0 0 575
7 14 0 1 576
8 14 0 0 577
8 14 0 1 578
9 14 0 0 579
9 14 0 1 580
10 14 0 0 581
10 14 0 1 582
11 14 0 0 583
11 14 0 1 584
12 14 0 0 585
12 14 0 1 586
13 14 0 0 587
13 14 0 1 588
14 14 0 0 589
14 14 0 1 590
15 14 0 0 591
15 14 0 1 592
16 14 0 0 593
16 14 0 1 594
17 14 0 0 595
17 14 0 1 596
18 14 0 0 597
18 14 0 1 598
19 14 0 0 599
19 14 0 1 600
0 15 0 0 601
0 15 0 1 602
1 15 0 0 603
1 15 0 1 604
2 15 0 0 605
2 15 0 1 606
3 15 0 0 607
3 15 0 1 608
4 15 0 0 609
4 15 0 1 610
5 15 0 0 611
5 15 0 1 612
6 15 0 0 613
6 15 0 1 614
7 15 0 0 615
7 15 0 1 616
8 15 0 0 617
8 15 0 1 618
9 15 0 0 619
9 15 0 1 620
10 15 0 0 621
10 15 0 1 622
11 15 0 0 623
11 15 0 1 624
12 15 0 0 625
12 15 0 1 626
13 15 0 0 627
13 15 0 1 628
14 15 0 0 629
14 15 0 1 630
15 15 0 0 631
15 15 0 1 632
16 15 0 0 633
16 15 0 1 634
17 15 0 0 635
17 15 0 1 636
18 15 0 0 637
18 15 0 1 638
19 15 0 0 639
19 15 0 1 640
0 16 0 0 641
0 16 0 1 642
1 16 0 0 643
1 16 0 1 644
2 16 0 0 645
2 16 0 1 646
3 16 0 0 647
3 16 0 1 648
4 16 0 0 649
4 16 0 1 650
5 16 0 0 651
5 16 0 1 652
6 16 0 0 653
6 16 0 1 654
7 16 0 0 655
7 16 0 1 656
8 16 0 0 657
8 16 0 1 658
9 16 0 0 659
9 16 0 1 660
10 16 0 0 661
10 16 0 1 662
11 16 0 0 663
11 16 0 1 664
12 16 0 0 665
12 16 0 1 666
13 16 0 0 667
13 16 0 1 668
14 16 0 0 669
14 16 0 1 670
15 16 0 0 671
15 16 0 1 672
16 16 0 0 673
16 16 0 1 674
17 16 0 0 675
17 16 0 1 676
18 16 0 0 677
18 16 0 1 678
19 16 0 0 679
19 16 0 1 680
0 17 0 0 681
0 17 0 1 682
1 17 0 0 683
1 17 0 1 684
2 17 0 0 685
2 17 0 1 686
3 17 0 0 687
3 17 0 1 688
4 17 0 0 689
4 17 0 1 690
5 17 0 0 691
5 17 0 1 692
6 17 0 0 693
6 17 0 1 694
7 17 0 0 695
7 17 0 1 696
8 17 0 0 697
8 17 0 1 698
9 17 0 0 699
9 17 0 1 700
10 17 0 0 701
10 17 0 1 702
11 17 0 0 703
11 17 0 1 704
12 17 0 0 705
12 17 0 1 706
13 17 0 0 707
13 17 0 1 708
14 17 0 0 709
14 17 0 1 710
15 17 0 0 711
15 17 0 1 712
16 17 0 0 713
16 17 0 1 714
17 17 0 0 715
17 17 0 1 716
18 17 0 0 717
18 17 0 1 718
19 17 0 0 719
19 17 0 1 720
0 18 0 0 721
0 18 0 1 722
1 18 0 0 723
1 18 0 1 724
2 18 0 0 725
2 18 0 1 726
3 18 0 0 727
3 18 0 1 728
4 18 0 0 729
4 18 0 1 730
5 18 0 0 731
5 18 0 1 732
6 18 0 0 733
6 18 0 1 734
7 18 0 0 735
7 18 0 1 736
8 18 0 0 737
8 18 0 1 738
9 18 0 0 739
9 18 0 1 740
10 18 0 0 741
10 18 0 1 742
11 18 0 0 743
11 18 0 1 744
12 18 0 0 745
12 18 0 1 746
13 18 0 0 747
13 18 0 1 748
14 18 0 0 749
14 18 0 1 750
15 18 0 0 751
15 18 0 1 752
16 18 0 0 753
16 18 0 1 754
17 18 0 0 755
17 18 0 1 756
18 18 0 0 757
18 18 0 1 758
19 18 0 0 759
19 18 0 1 760
0 19 0 0 761
0 19 0 1 762
1 19 0 0 763
1 19 0 1 764
2 19 0 0 765
2 19 0 1 766
3 19 0 0 767
3 19 0 1 768
4 19 0 0 769
4 19 0 1 770
5 19 0 0 771
5 19 0 1 772
6 19 0 0 773
6 19 0 1 774
7 19 0 0 775
7 19 0 1 776
8 19 0 0 777
8 19 0 1 778
9 19 0 0 779
9 19 0 1 780
10 19 0 0 781
10 19 0 1 782
11 19 0 0 783
11 19 0 1 784
12 19 0 0 785
12 19 0 1 786
13 19 0 0 787
13 19 0 1 788
14 19 0 0 789
14 19 0 1 790
15 19 0 0 791
15 19 0 1 792
16 19 0 0 793
16 19 0 1 794
17 19 0 0 795
17 19 0 1 796
18 19 0 0 797
18 19 0 1 798
19 19 0 0 799
19 19 0 1 800
