-3.01100152265304	-6.7137185017302
5.24329180752176	-7.96837108791677
-6.0	-6.25939073317346
-6.0	-6.20757152112812
-6.0	-6.14932874913782
-6.0	-6.10036834632546
-6.0	-6.06091526731326
-6.0	-6.03115609274682
-6.0	-6.01123479606542
-6.0	-6.25939073317346
-6.0	-6.27483819199296
-6.0	-6.3508420309665
-6.0	-6.4352734743531
-6.0	-6.52780551931192
-6.0	-6.62809890745683
-6.0	-6.73580695811024
-6.0	-6.8505799497303
-6.0	-6.97206898554453
-6.0	-7.09992931313839
-6.0	-7.23382309603686
-6.0	-7.37342165746511
-6.0	-7.51840723249408
-6.0	-7.66847427519241
-6.0	-7.82333037304324
-6.0	-7.98269682269712
-6.0	-8.13814459111752
-6.0	-8.14630892007178
-6.0	-8.14630892007179
-6.0	-8.31391601474349
-5.75510204081633	-6.29661522296938
-5.75510204081633	-6.20757152112812
-5.75510204081633	-6.11999951000806
-5.75510204081633	-6.04109210622564
-5.75510204081633	-5.97119281970773
-5.75510204081633	-5.9106212503578
-5.75510204081633	-5.85966666808428
-5.75510204081633	-5.81858173249799
-5.75510204081633	-5.78757663580235
-5.75510204081633	-5.76681396211426
-5.75510204081633	-6.29661522296938
-5.75510204081633	-6.30344702509408
-5.75510204081633	-6.40725328258831
-5.75510204081633	-6.51861142246832
-5.75510204081633	-6.63714133854742
-5.75510204081633	-6.76246592889016
-5.75510204081633	-6.89421465808616
-5.75510204081633	-7.03202645650346
-5.75510204081633	-7.17555199542054
-5.75510204081633	-7.32445539366768
-5.75510204081633	-7.47841542102978
-5.75510204081633	-7.63712626751641
-5.75510204081633	-7.80029794708554
-5.75510204081633	-7.96765640081507
-5.75510204081633	-8.13894335896352
-5.75510204081633	-8.13894335896353
-5.75510204081633	-8.17536908091344
-5.51020408163265	-6.3338397127653
-5.51020408163265	-6.30344702509408
-5.51020408163265	-6.18821817232324
-5.51020408163265	-6.08067380470292
-5.51020408163265	-5.98122844497297
-5.51020408163265	-5.89029231223136
-5.51020408163265	-5.80826509010519
-5.51020408163265	-5.73552902626794
-5.51020408163265	-5.67244154542064
-5.51020408163265	-5.6193276272247
-5.51020408163265	-5.57647226289096
-5.51020408163265	-5.54411334988005
-5.51020408163265	-5.52243540430025
-5.51020408163265	-6.3338397127653
-5.51020408163265	-6.42594698615604
-5.51020408163265	-6.42594698615605
-5.51020408163265	-6.55531043966898
-5.51020408163265	-6.69113931052127
-5.51020408163265	-6.8330480465161
-5.51020408163265	-6.9806658679539
-5.51020408163265	-6.98066586795391
-5.51020408163265	-7.13363836585935
-5.51020408163265	-7.29162853761277
-5.51020408163265	-7.45431734949768
-5.51020408163265	-7.62140391163858
-5.51020408163265	-7.79260534368848
-5.51020408163265	-7.96765640081507
-5.26530612244898	-6.37106420256122
-5.26530612244898	-6.3508420309665
-5.26530612244898	-6.21722560397687
-5.26530612244898	-6.09052903613676
-5.26530612244898	-5.97119281970773
-5.26530612244898	-5.85966666808428
-5.26530612244898	-5.75640454214359
-5.26530612244898	-5.66185862287195
-5.26530612244898	-5.57647226289095
-5.26530612244898	-5.50067202739989
-5.26530612244898	-5.43485902559318
-5.26530612244898	-5.3793998293442
-5.26530612244898	-5.33461736590824
-5.26530612244898	-5.30078224210123
-5.26530612244898	-5.2781049948373
-5.26530612244898	-6.37106420256122
-5.26530612244898	-6.49095099462787
-5.26530612244898	-6.63714133854742
-5.26530612244898	-6.78902021663467
-5.26530612244898	-6.94621449976302
-5.26530612244898	-7.10837156262857
-5.26530612244898	-7.27515956449614
-5.26530612244898	-7.44626732841344
-5.26530612244898	-7.62140391163858
-5.26530612244898	-7.80029794708554
-5.02040816326531	-6.40828869235714
-5.02040816326531	-6.29392519635742
-5.02040816326531	-6.14932874913782
-5.02040816326531	-6.01123479606542
-5.02040816326531	-5.88010148744962
-5.02040816326531	-5.75640454214359
-5.02040816326531	-5.64063321123968
-5.02040816326531	-5.53328499315674
-5.02040816326531	-5.43485902559318
-5.02040816326531	-5.34584815174116
-5.02040816326531	-5.26672975533222
-5.02040816326531	-5.19795557798966
-5.02040816326531	-5.13994086411805
-5.02040816326531	-5.09305330851071
-5.02040816326531	-5.05760239054613
-5.02040816326531	-5.03382974475783
-5.02040816326531	-6.40828869235714
-5.02040816326531	-6.44458646544037
-5.02040816326531	-6.60089729238052
-5.02040816326531	-6.76246592889016
-5.02040816326531	-6.92892457998128
-5.02040816326531	-7.09992931313839
-5.02040816326531	-7.27515956449614
-5.02040816326531	-7.45431734949768
-5.02040816326531	-7.63712626751641
-4.77551020408163	-6.44551318215305
-4.77551020408163	-6.41660694199538
-4.77551020408163	-6.25569295074847
-4.77551020408163	-6.10036834632546
-4.77551020408163	-5.95107079847651
-4.77551020408163	-5.9510707984765
-4.77551020408163	-5.80826509010519
-4.77551020408163	-5.67244154542064
-4.77551020408163	-5.54411334988005
-4.77551020408163	-5.4238125527388
-4.77551020408163	-5.31208456248584
-4.77551020408163	-5.20948099253453
-4.77551020408163	-5.20948099253452
-4.77551020408163	-5.11655079570029
-4.77551020408163	-5.03382974475783
-4.77551020408163	-4.9618284708624
-4.77551020408163	-4.90101945212804
-4.77551020408163	-4.85182353212056
-4.77551020408163	-4.81459671461327
-4.77551020408163	-4.78961809361827
-4.77551020408163	-6.44551318215305
-4.77551020408163	-6.58270043545254
-4.77551020408163	-6.75359129786335
-4.77551020408163	-6.92892457998128
-4.77551020408163	-7.10837156262857
-4.77551020408163	-7.29162853761277
-4.77551020408163	-7.47841542102978
-4.53061224489796	-6.48273767194897
-4.53061224489796	-6.40725328258831
-4.53061224489796	-6.23648893628417
-4.53061224489796	-6.07080257448516
-4.53061224489796	-5.9106212503578
-4.53061224489796	-5.75640454214359
-4.53061224489796	-5.60864448519124
-4.53061224489796	-5.46786454573864
-4.53061224489796	-5.33461736590824
-4.53061224489796	-5.20948099253453
-4.53061224489796	-5.09305330851072
-4.53061224489796	-4.98594442567404
-4.53061224489796	-4.88876688432909
-4.53061224489796	-4.8021236451741
-4.53061224489796	-4.72659405688623
-4.53061224489796	-4.66271822807994
-4.53061224489796	-4.61098050214597
-4.53061224489796	-4.57179298839048
-4.53061224489796	-4.54548029222953
-4.53061224489796	-6.48273767194897
-4.53061224489796	-6.58270043545254
-4.53061224489796	-6.76246592889016
-4.53061224489796	-6.94621449976302
-4.53061224489796	-7.13363836585935
-4.53061224489796	-7.32445539366768
-4.28571428571429	-6.51996216174489
-4.28571428571429	-6.41660694199538
-4.28571428571429	-6.23648893628417
-4.28571428571429	-6.06091526731326
-4.28571428571429	-5.89029231223136
-4.28571428571429	-5.72506272370333
-4.28571428571429	-5.56570686238213
-4.28571428571429	-5.41274353599192
-4.28571428571429	-5.26672975533222
-4.28571428571429	-5.12825916523394
-4.28571428571429	-4.99795876701026
-4.28571428571429	-4.87648353103834
-4.28571428571429	-4.76450852041071
-4.28571428571429	-4.66271822807994
-4.28571428571429	-4.57179298839048
-4.28571428571429	-4.49239257008428
-4.28571428571429	-4.42513738765534
-4.28571428571429	-4.3705881545081
-4.28571428571429	-4.32922519093805
-4.28571428571429	-4.30142891516334
-4.28571428571429	-6.51996216174489
-4.28571428571429	-6.60089729238051
-4.28571428571429	-6.60089729238052
-4.28571428571429	-6.78902021663467
-4.28571428571429	-6.9806658679539
-4.28571428571429	-6.98066586795391
-4.28571428571429	-7.17555199542054
-4.04081632653061	-6.55718665154081
-4.04081632653061	-6.44458646544037
-4.04081632653061	-6.25569295074847
-4.04081632653061	-6.07080257448516
-4.04081632653061	-5.89029231223136
-4.04081632653061	-5.71457725203822
-4.04081632653061	-5.54411334988005
-4.04081632653061	-5.37939982934419
-4.04081632653061	-5.22098096457008
-4.04081632653061	-5.06944690885333
-4.04081632653061	-4.92543314966174
-4.04081632653061	-4.78961809361827
-4.04081632653061	-4.66271822807994
-4.04081632653061	-4.54548029222953
-4.04081632653061	-4.43866994948372
-4.04081632653061	-4.34305661656364
-4.04081632653061	-4.25939439941047
-4.04081632653061	-4.18839952077234
-4.04081632653061	-4.13072517390196
-4.04081632653061	-4.08693533100701
-4.04081632653061	-4.05747955733409
-4.04081632653061	-6.55718665154081
-4.04081632653061	-6.63714133854742
-4.04081632653061	-6.8330480465161
-4.04081632653061	-7.03202645650346
-3.79591836734694	-6.59441114133673
-3.79591836734694	-6.49095099462787
-3.79591836734694	-6.29392519635742
-3.79591836734694	-6.10036834632546
-3.79591836734694	-5.9106212503578
-3.79591836734694	-5.72506272370333
-3.79591836734694	-5.54411334988005
-3.79591836734694	-5.36823923676318
-3.79591836734694	-5.19795557798966
-3.79591836734694	-5.03382974475783
-3.79591836734694	-4.87648353103834
-3.79591836734694	-4.72659405688623
-3.79591836734694	-4.5848927086161
-3.79591836734694	-4.58489270861609
-3.79591836734694	-4.45216137861988
-3.79591836734694	-4.32922519093805
-3.79591836734694	-4.21694090393206
-3.79591836734694	-4.11618032178897
-3.79591836734694	-4.0278083763425
-3.79591836734694	-3.95265609589444
-3.79591836734694	-3.89148944867038
-3.79591836734694	-3.84497595137328
-3.79591836734694	-3.81365179650549
-3.79591836734694	-6.59441114133673
-3.79591836734694	-6.69113931052126
-3.79591836734694	-6.69113931052127
-3.79591836734694	-6.89421465808616
-3.55102040816326	-6.63163563113265
-3.55102040816326	-6.55531043966898
-3.55102040816326	-6.3508420309665
-3.55102040816326	-6.14932874913782
-3.55102040816326	-5.95107079847651
-3.55102040816326	-5.75640454214359
-3.55102040816326	-5.56570686238213
-3.55102040816326	-5.37939982934419
-3.55102040816326	-5.19795557798966
-3.55102040816326	-5.02190122148813
-3.55102040816326	-4.85182353212056
-3.55102040816326	-4.68837299242693
-3.55102040816326	-4.53226665877267
-3.55102040816326	-4.38428909142077
-3.55102040816326	-4.24529040572075
-3.55102040816326	-4.11618032178897
-3.55102040816326	-4.11618032178896
-3.55102040816326	-3.99791699199539
-3.55102040816326	-3.89148944867038
-3.55102040816326	-3.79789283737245
-3.55102040816326	-3.71809627363812
-3.55102040816326	-3.65300421800236
-3.55102040816326	-3.6034136251989
-3.55102040816326	-3.56997054786447
-3.55102040816326	-6.63163563113265
-3.55102040816326	-6.76246592889016
-3.30612244897959	-6.66886012092857
-3.30612244897959	-6.63714133854742
-3.30612244897959	-6.42594698615605
-3.30612244897959	-6.42594698615604
-3.30612244897959	-6.21722560397687
-3.30612244897959	-6.01123479606542
-3.30612244897959	-5.80826509010519
-3.30612244897959	-5.60864448519124
-3.30612244897959	-5.41274353599192
-3.30612244897959	-5.22098096457008
-3.30612244897959	-5.03382974475783
-3.30612244897959	-4.85182353212056
-3.30612244897959	-4.67556320621309
-3.30612244897959	-4.50572314113651
-3.30612244897959	-4.34305661656364
-3.30612244897959	-4.18839952077234
-3.30612244897959	-4.04267118838021
-3.30612244897959	-3.90687088984747
-3.30612244897959	-3.90687088984746
-3.30612244897959	-3.78206821505645
-3.30612244897959	-3.66938548500531
-3.30612244897959	-3.56997054786447
-3.30612244897959	-3.48495905406311
-3.30612244897959	-3.41542669738319
-3.30612244897959	-3.36233393087657
-3.30612244897959	-3.32646800992803
-3.30612244897959	-6.66886012092857
-3.06122448979592	-6.70608461072448
-3.06122448979592	-6.51861142246832
-3.06122448979592	-6.30344702509408
-3.06122448979592	-6.09052903613676
-3.06122448979592	-5.88010148744962
-3.06122448979592	-5.67244154542064
-3.06122448979592	-5.46786454573864
-3.06122448979592	-5.26672975533222
-3.06122448979592	-5.06944690885333
-3.06122448979592	-4.87648353103834
-3.06122448979592	-4.68837299242693
-3.06122448979592	-4.50572314113651
-3.06122448979592	-4.32922519093805
-3.06122448979592	-4.15966230648074
-3.06122448979592	-3.99791699199539
-3.06122448979592	-3.84497595137329
-3.06122448979592	-3.84497595137328
-3.06122448979592	-3.70193056110146
-3.06122448979592	-3.56997054786447
-3.06122448979592	-3.45036803353601
-3.06122448979592	-3.34444904908106
-3.06122448979592	-3.25355026667423
-3.06122448979592	-3.17896040467278
-3.06122448979592	-3.1218486817915
-3.06122448979592	-3.08318652539123
-3.06122448979592	-6.70608461072448
-2.81632653061224	-6.62809890745683
-2.81632653061224	-6.40725328258831
-2.81632653061224	-6.18821817232324
-2.81632653061224	-5.97119281970773
-2.81632653061224	-5.75640454214359
-2.81632653061224	-5.54411334988005
-2.81632653061224	-5.33461736590824
-2.81632653061224	-5.12825916523394
-2.81632653061224	-4.92543314966174
-2.81632653061224	-4.72659405688623
-2.81632653061224	-4.53226665877267
-2.81632653061224	-4.34305661656364
-2.81632653061224	-4.15966230648074
-2.81632653061224	-3.982887175663
-2.81632653061224	-3.81365179650549
-2.81632653061224	-3.65300421800236
-2.81632653061224	-3.50212644393676
-2.81632653061224	-3.36233393087657
-2.81632653061224	-3.23506403598928
-2.81632653061224	-3.1218486817915
-2.81632653061224	-3.02426670250493
-2.81632653061224	-2.94387312983787
-2.81632653061224	-2.88210668471996
-2.81632653061224	-2.84018289912078
-2.57142857142857	-6.52780551931192
-2.57142857142857	-6.30344702509408
-2.57142857142857	-6.08067380470292
-2.57142857142857	-5.85966666808428
-2.57142857142857	-5.64063321123968
-2.57142857142857	-5.4238125527388
-2.57142857142857	-5.20948099253453
-2.57142857142857	-4.99795876701026
-2.57142857142857	-4.78961809361827
-2.57142857142857	-4.5848927086161
-2.57142857142857	-4.38428909142077
-2.57142857142857	-4.18839952077234
-2.57142857142857	-3.99791699199539
-2.57142857142857	-3.81365179650549
-2.57142857142857	-3.63654916038796
-2.57142857142857	-3.46770667555256
-2.57142857142857	-3.30838924557705
-2.57142857142857	-3.16003785319933
-2.57142857142857	-3.02426670250493
-2.57142857142857	-2.90284153252156
-2.57142857142857	-2.79763093684797
-2.57142857142857	-2.71052370871575
-2.57142857142857	-2.64331018101097
-2.57142857142857	-2.59753511456283
-2.3265306122449	-6.4352734743531
-2.3265306122449	-6.20757152112812
-2.3265306122449	-5.98122844497297
-2.3265306122449	-5.75640454214359
-2.3265306122449	-5.53328499315674
-2.3265306122449	-5.31208456248584
-2.3265306122449	-5.09305330851072
-2.3265306122449	-4.87648353103834
-2.3265306122449	-4.66271822807994
-2.3265306122449	-4.45216137861988
-2.3265306122449	-4.24529040572075
-2.3265306122449	-4.04267118838021
-2.3265306122449	-3.84497595137328
-2.3265306122449	-3.65300421800236
-2.3265306122449	-3.46770667555256
-2.3265306122449	-3.29021114511291
-2.3265306122449	-3.1218486817915
-2.3265306122449	-2.96417594373311
-2.3265306122449	-2.81898720813584
-2.3265306122449	-2.68830592654288
-2.3265306122449	-2.57434237244432
-2.3265306122449	-2.48842311348075
-2.3265306122449	-2.48842311348074
-2.3265306122449	-2.47940286505917
-2.3265306122449	-2.45882831365079
-2.3265306122449	-2.45882831365078
-2.3265306122449	-2.40574073931288
-2.3265306122449	-2.35535315040874
-2.08163265306122	-6.3508420309665
-2.08163265306122	-6.11999951000806
-2.08163265306122	-5.89029231223136
-2.08163265306122	-5.66185862287195
-2.08163265306122	-5.43485902559318
-2.08163265306122	-5.20948099253453
-2.08163265306122	-4.98594442567404
-2.08163265306122	-4.76450852041071
-2.08163265306122	-4.54548029222953
-2.08163265306122	-4.32922519093805
-2.08163265306122	-4.11618032178897
-2.08163265306122	-4.11618032178896
-2.08163265306122	-3.90687088984747
-2.08163265306122	-3.90687088984746
-2.08163265306122	-3.70193056110146
-2.08163265306122	-3.50212644393676
-2.08163265306122	-3.30838924557705
-2.08163265306122	-3.1218486817915
-2.08163265306122	-2.94387312983787
-2.08163265306122	-2.77611037928685
-2.08163265306122	-2.62052259906523
-2.08163265306122	-2.52564760327667
-2.08163265306122	-2.52564760327666
-2.08163265306122	-2.49605280344671
-2.08163265306122	-2.4960528034467
-2.08163265306122	-2.47940286505917
-2.08163265306122	-2.35535315040874
-2.08163265306122	-2.25119709928778
-2.08163265306122	-2.16980144653094
-2.08163265306122	-2.15681365012562
-2.08163265306122	-2.15681365012561
-2.08163265306122	-2.11379712264882
-1.83673469387755	-6.27483819199296
-1.83673469387755	-6.04109210622564
-1.83673469387755	-5.80826509010519
-1.83673469387755	-5.57647226289095
-1.83673469387755	-5.34584815174116
-1.83673469387755	-5.11655079570029
-1.83673469387755	-4.88876688432909
-1.83673469387755	-4.66271822807994
-1.83673469387755	-4.43866994948372
-1.83673469387755	-4.21694090393206
-1.83673469387755	-3.99791699199539
-1.83673469387755	-3.78206821505645
-1.83673469387755	-3.56997054786447
-1.83673469387755	-3.36233393087657
-1.83673469387755	-3.16003785319933
-1.83673469387755	-2.96417594373311
-1.83673469387755	-2.77611037928685
-1.83673469387755	-2.59753511456283
-1.83673469387755	-2.56287209307259
-1.83673469387755	-2.56287209307258
-1.83673469387755	-2.53327729324262
-1.83673469387755	-2.53327729324261
-1.83673469387755	-2.43054284587092
-1.83673469387755	-2.27768268217203
-1.83673469387755	-2.19403813992154
-1.83673469387755	-2.19403813992153
-1.83673469387755	-2.14198232871868
-1.83673469387755	-2.02689126823431
-1.83673469387755	-1.9360883633684
-1.83673469387755	-1.8731092090749
-1.83673469387755	-1.85240311803958
-1.59183673469388	-6.20757152112812
-1.59183673469388	-5.97119281970773
-1.59183673469388	-5.73552902626794
-1.59183673469388	-5.73552902626793
-1.59183673469388	-5.50067202739989
-1.59183673469388	-5.26672975533222
-1.59183673469388	-5.03382974475783
-1.59183673469388	-4.8021236451741
-1.59183673469388	-4.57179298839048
-1.59183673469388	-4.34305661656364
-1.59183673469388	-4.11618032178897
-1.59183673469388	-3.89148944867038
-1.59183673469388	-3.66938548500531
-1.59183673469388	-3.45036803353601
-1.59183673469388	-3.23506403598928
-1.59183673469388	-3.02426670250493
-1.59183673469388	-2.81898720813584
-1.59183673469388	-2.62052259906523
-1.59183673469388	-2.60009658286851
-1.59183673469388	-2.6000965828685
-1.59183673469388	-2.57050178303854
-1.59183673469388	-2.57050178303853
-1.59183673469388	-2.43054284587092
-1.59183673469388	-2.25119709928778
-1.59183673469388	-2.23126262971746
-1.59183673469388	-2.23126262971745
-1.59183673469388	-2.08523098358282
-1.59183673469388	-1.9360883633684
-1.59183673469388	-1.8896276078355
-1.59183673469388	-1.8079375175796
-1.59183673469388	-1.7055169319001
-1.59183673469388	-1.63367315070935
-1.3469387755102	-6.14932874913782
-1.3469387755102	-5.9106212503578
-1.3469387755102	-5.67244154542064
-1.3469387755102	-5.43485902559318
-1.3469387755102	-5.19795557798966
-1.3469387755102	-4.9618284708624
-1.3469387755102	-4.72659405688623
-1.3469387755102	-4.49239257008428
-1.3469387755102	-4.25939439941047
-1.3469387755102	-4.0278083763425
-1.3469387755102	-3.79789283737245
-1.3469387755102	-3.56997054786447
-1.3469387755102	-3.34444904908106
-1.3469387755102	-3.1218486817915
-1.3469387755102	-2.90284153252156
-1.3469387755102	-2.68830592654288
-1.3469387755102	-2.63732107266443
-1.3469387755102	-2.63732107266442
-1.3469387755102	-2.60772627283446
-1.3469387755102	-2.60772627283445
-1.3469387755102	-2.47940286505917
-1.3469387755102	-2.27768268217203
-1.3469387755102	-2.26848711951338
-1.3469387755102	-2.26848711951336
-1.3469387755102	-2.08523098358282
-1.3469387755102	-1.92685209763142
-1.3469387755102	-1.90485908401274
-1.3469387755102	-1.74032698819003
-1.3469387755102	-1.59653936453942
-1.3469387755102	-1.47955664982791
-1.3469387755102	-1.39613317359078
-1.10204081632653	-6.10036834632546
-1.10204081632653	-5.85966666808428
-1.10204081632653	-5.6193276272247
-1.10204081632653	-5.3793998293442
-1.10204081632653	-5.13994086411805
-1.10204081632653	-5.13994086411804
-1.10204081632653	-4.90101945212804
-1.10204081632653	-4.66271822807994
-1.10204081632653	-4.42513738765534
-1.10204081632653	-4.18839952077234
-1.10204081632653	-3.95265609589444
-1.10204081632653	-3.71809627363812
-1.10204081632653	-3.48495905406311
-1.10204081632653	-3.25355026667423
-1.10204081632653	-3.02426670250493
-1.10204081632653	-2.79763093684797
-1.10204081632653	-2.67454556246034
-1.10204081632653	-2.67454556246033
-1.10204081632653	-2.64495076263038
-1.10204081632653	-2.64495076263037
-1.10204081632653	-2.57434237244432
-1.10204081632653	-2.35535315040874
-1.10204081632653	-2.30571160930929
-1.10204081632653	-2.30571160930928
-1.10204081632653	-2.14198232871868
-1.10204081632653	-1.96407658742733
-1.10204081632653	-1.9360883633684
-1.10204081632653	-1.93608836336839
-1.10204081632653	-1.74032698819003
-1.10204081632653	-1.5585210687377
-1.10204081632653	-1.39613317359078
-1.10204081632653	-1.26068940501882
-1.10204081632653	-1.16165301802104
-0.85714285714286	-6.06091526731326
-0.85714285714286	-5.81858173249799
-0.85714285714286	-5.57647226289096
-0.85714285714286	-5.57647226289095
-0.85714285714286	-5.33461736590824
-0.85714285714286	-5.09305330851071
-0.85714285714286	-4.85182353212056
-0.85714285714286	-4.61098050214597
-0.85714285714286	-4.3705881545081
-0.85714285714286	-4.13072517390196
-0.85714285714286	-3.89148944867038
-0.85714285714286	-3.65300421800236
-0.85714285714286	-3.41542669738319
-0.85714285714286	-3.17896040467278
-0.85714285714286	-2.94387312983787
-0.85714285714286	-2.71177005225626
-0.85714285714286	-2.71177005225625
-0.85714285714286	-2.71052370871575
-0.85714285714286	-2.6821752524263
-0.85714285714286	-2.68217525242629
-0.85714285714286	-2.47940286505917
-0.85714285714286	-2.34293609910521
-0.85714285714286	-2.3429360991052
-0.85714285714286	-2.25119709928778
-0.85714285714286	-2.02689126823431
-0.85714285714286	-2.00130107722325
-0.85714285714286	-1.8079375175796
-0.85714285714286	-1.59653936453942
-0.85714285714286	-1.39613317359078
-0.85714285714286	-1.21218305346265
-0.85714285714286	-1.05334595106644
-0.85714285714286	-0.93254364561599
-0.61224489795918	-6.03115609274682
-0.61224489795918	-5.78757663580235
-0.61224489795918	-5.54411334988005
-0.61224489795918	-5.30078224210123
-0.61224489795918	-5.05760239054613
-0.61224489795918	-4.81459671461327
-0.61224489795918	-4.57179298839048
-0.61224489795918	-4.32922519093805
-0.61224489795918	-4.32922519093804
-0.61224489795918	-4.08693533100701
-0.61224489795918	-3.84497595137328
-0.61224489795918	-3.6034136251989
-0.61224489795918	-3.36233393087657
-0.61224489795918	-3.1218486817915
-0.61224489795918	-2.88210668471996
-0.61224489795918	-2.88210668471995
-0.61224489795918	-2.74899454205218
-0.61224489795918	-2.74899454205217
-0.61224489795918	-2.71939974222222
-0.61224489795918	-2.71939974222221
-0.61224489795918	-2.64331018101097
-0.61224489795918	-2.40574073931288
-0.61224489795918	-2.38016058890113
-0.61224489795918	-2.38016058890112
-0.61224489795918	-2.16980144653094
-0.61224489795918	-2.03852556701917
-0.61224489795918	-1.9360883633684
-0.61224489795918	-1.7055169319001
-0.61224489795918	-1.47955664982791
-0.61224489795918	-1.26068940501882
-0.61224489795918	-1.05334595106644
-0.61224489795918	-0.86584503818761
-0.61224489795918	-0.80432288987438
-0.61224489795918	-0.80432288987437
-0.61224489795918	-0.71399410957289
-0.36734693877551	-6.01123479606542
-0.36734693877551	-5.76681396211426
-0.36734693877551	-5.52243540430025
-0.36734693877551	-5.2781049948373
-0.36734693877551	-5.03382974475783
-0.36734693877551	-4.78961809361827
-0.36734693877551	-4.54548029222953
-0.36734693877551	-4.30142891516334
-0.36734693877551	-4.05747955733409
-0.36734693877551	-3.81365179650549
-0.36734693877551	-3.56997054786447
-0.36734693877551	-3.32646800992803
-0.36734693877551	-3.08318652539123
-0.36734693877551	-2.84018289912078
-0.36734693877551	-2.7862190318481
-0.36734693877551	-2.78621903184809
-0.36734693877551	-2.75662423201814
-0.36734693877551	-2.75662423201812
-0.36734693877551	-2.59753511456283
-0.36734693877551	-2.41738507869705
-0.36734693877551	-2.41738507869704
-0.36734693877551	-2.35535315040874
-0.36734693877551	-2.11379712264882
-0.36734693877551	-2.07575005681509
-0.36734693877551	-1.8731092090749
-0.36734693877551	-1.63367315070935
-0.36734693877551	-1.39613317359078
-0.36734693877551	-1.16165301802104
-0.36734693877551	-0.93254364561599
-0.36734693877551	-0.8415473796703
-0.36734693877551	-0.84154737967029
-0.36734693877551	-0.71399410957289
-0.36734693877551	-0.65561722875019
-0.36734693877551	-0.55905857588791
-0.36734693877551	-0.51950702291257
-0.12244897959184	-6.00124934931078
-0.12244897959184	-5.75640454214359
-0.12244897959184	-5.51156445792338
-0.12244897959184	-5.26672975533222
-0.12244897959184	-5.02190122148813
-0.12244897959184	-4.77707980484845
-0.12244897959184	-4.53226665877267
-0.12244897959184	-4.28746320000284
-0.12244897959184	-4.04267118838021
-0.12244897959184	-3.79789283737245
-0.12244897959184	-3.55313097025639
-0.12244897959184	-3.55313097025638
-0.12244897959184	-3.30838924557705
-0.12244897959184	-3.06367249057881
-0.12244897959184	-2.82344352164402
-0.12244897959184	-2.82344352164401
-0.12244897959184	-2.81898720813584
-0.12244897959184	-2.79384872181405
-0.12244897959184	-2.79384872181404
-0.12244897959184	-2.57434237244432
-0.12244897959184	-2.45460956849297
-0.12244897959184	-2.45460956849296
-0.12244897959184	-2.32975072536006
-0.12244897959184	-2.32975072536005
-0.12244897959184	-2.11297454661101
-0.12244897959184	-2.08523098358282
-0.12244897959184	-1.84081180143342
-0.12244897959184	-1.59653936453942
-0.12244897959184	-1.35249318577803
-0.12244897959184	-1.10882266997601
-0.12244897959184	-0.87877186946621
-0.12244897959184	-0.86584503818761
-0.12244897959184	-0.69284171854611
-0.12244897959184	-0.6243697363583
-0.12244897959184	-0.59628306568383
-0.12244897959184	-0.38721767267368
0.12244897959184	-6.00124934931078
0.12244897959184	-5.75640454214359
0.12244897959184	-5.51156445792338
0.12244897959184	-5.26672975533222
0.12244897959184	-5.02190122148813
0.12244897959184	-4.77707980484845
0.12244897959184	-4.53226665877267
0.12244897959184	-4.28746320000284
0.12244897959184	-4.04267118838021
0.12244897959184	-3.79789283737245
0.12244897959184	-3.55313097025639
0.12244897959184	-3.55313097025638
0.12244897959184	-3.30838924557705
0.12244897959184	-3.06367249057881
0.12244897959184	-2.86066801143994
0.12244897959184	-2.86066801143993
0.12244897959184	-2.83107321160997
0.12244897959184	-2.83107321160996
0.12244897959184	-2.81898720813584
0.12244897959184	-2.57434237244432
0.12244897959184	-2.49183405828889
0.12244897959184	-2.49183405828888
0.12244897959184	-2.32975072536005
0.12244897959184	-2.15019903640693
0.12244897959184	-2.08523098358282
0.12244897959184	-1.84081180143342
0.12244897959184	-1.59653936453942
0.12244897959184	-1.35249318577803
0.12244897959184	-1.10882266997601
0.12244897959184	-0.91599635926213
0.12244897959184	-0.86584503818761
0.12244897959184	-0.73006620834203
0.12244897959184	-0.63350755547975
0.12244897959184	-0.6243697363583
0.12244897959184	-0.38721767267368
0.36734693877551	-6.01123479606542
0.36734693877551	-5.76681396211426
0.36734693877551	-5.52243540430025
0.36734693877551	-5.2781049948373
0.36734693877551	-5.03382974475783
0.36734693877551	-4.78961809361827
0.36734693877551	-4.54548029222953
0.36734693877551	-4.30142891516334
0.36734693877551	-4.05747955733409
0.36734693877551	-3.81365179650549
0.36734693877551	-3.56997054786447
0.36734693877551	-3.32646800992803
0.36734693877551	-3.08318652539123
0.36734693877551	-2.89789250123585
0.36734693877551	-2.89789250123584
0.36734693877551	-2.86829770140589
0.36734693877551	-2.86829770140588
0.36734693877551	-2.84018289912078
0.36734693877551	-2.59753511456283
0.36734693877551	-2.5290585480848
0.36734693877551	-2.52905854808479
0.36734693877551	-2.35535315040874
0.36734693877551	-2.18742352620285
0.36734693877551	-2.11379712264882
0.36734693877551	-1.8731092090749
0.36734693877551	-1.63367315070935
0.36734693877551	-1.39613317359078
0.36734693877551	-1.16165301802104
0.36734693877551	-0.95322084905805
0.36734693877551	-0.93254364561599
0.36734693877551	-0.76729069813795
0.36734693877551	-0.71399410957289
0.36734693877551	-0.67073204527567
0.36734693877551	-0.51950702291257
0.61224489795918	-6.03115609274682
0.61224489795918	-5.78757663580235
0.61224489795918	-5.54411334988005
0.61224489795918	-5.30078224210123
0.61224489795918	-5.05760239054613
0.61224489795918	-4.81459671461327
0.61224489795918	-4.57179298839048
0.61224489795918	-4.32922519093805
0.61224489795918	-4.32922519093804
0.61224489795918	-4.08693533100701
0.61224489795918	-3.84497595137328
0.61224489795918	-3.6034136251989
0.61224489795918	-3.36233393087657
0.61224489795918	-3.1218486817915
0.61224489795918	-2.93511699103177
0.61224489795918	-2.93511699103176
0.61224489795918	-2.90552219120181
0.61224489795918	-2.9055221912018
0.61224489795918	-2.88210668471996
0.61224489795918	-2.88210668471995
0.61224489795918	-2.64331018101097
0.61224489795918	-2.56628303788072
0.61224489795918	-2.56628303788071
0.61224489795918	-2.40574073931288
0.61224489795918	-2.22464801599876
0.61224489795918	-2.16980144653094
0.61224489795918	-1.9360883633684
0.61224489795918	-1.7055169319001
0.61224489795918	-1.47955664982791
0.61224489795918	-1.26068940501882
0.61224489795918	-1.05334595106644
0.61224489795918	-0.99044533885397
0.61224489795918	-0.86584503818761
0.61224489795918	-0.80451518793387
0.61224489795918	-0.71399410957289
0.61224489795918	-0.70795653507159
0.85714285714286	-6.06091526731326
0.85714285714286	-5.81858173249799
0.85714285714286	-5.81858173249798
0.85714285714286	-5.57647226289096
0.85714285714286	-5.57647226289095
0.85714285714286	-5.33461736590824
0.85714285714286	-5.09305330851071
0.85714285714286	-4.85182353212056
0.85714285714286	-4.61098050214597
0.85714285714286	-4.3705881545081
0.85714285714286	-4.13072517390196
0.85714285714286	-3.89148944867038
0.85714285714286	-3.65300421800236
0.85714285714286	-3.41542669738319
0.85714285714286	-3.17896040467278
0.85714285714286	-2.97234148082769
0.85714285714286	-2.97234148082768
0.85714285714286	-2.94387312983787
0.85714285714286	-2.94274668099773
0.85714285714286	-2.94274668099772
0.85714285714286	-2.71052370871575
0.85714285714286	-2.60350752767664
0.85714285714286	-2.60350752767663
0.85714285714286	-2.47940286505917
0.85714285714286	-2.26187250579468
0.85714285714286	-2.25119709928778
0.85714285714286	-2.02689126823431
0.85714285714286	-1.8079375175796
0.85714285714286	-1.59653936453942
0.85714285714286	-1.39613317359078
0.85714285714286	-1.21218305346265
0.85714285714286	-1.05334595106644
0.85714285714286	-1.02766982864989
0.85714285714286	-1.02766982864988
0.85714285714286	-0.93254364561599
1.10204081632653	-6.10036834632546
1.10204081632653	-5.85966666808428
1.10204081632653	-5.6193276272247
1.10204081632653	-5.3793998293442
1.10204081632653	-5.13994086411805
1.10204081632653	-5.13994086411804
1.10204081632653	-4.90101945212804
1.10204081632653	-4.66271822807994
1.10204081632653	-4.42513738765534
1.10204081632653	-4.18839952077234
1.10204081632653	-3.95265609589444
1.10204081632653	-3.71809627363812
1.10204081632653	-3.48495905406311
1.10204081632653	-3.25355026667423
1.10204081632653	-3.02426670250493
1.10204081632653	-3.00956597062361
1.10204081632653	-3.0095659706236
1.10204081632653	-2.97997117079365
1.10204081632653	-2.97997117079363
1.10204081632653	-2.79763093684797
1.10204081632653	-2.64073201747256
1.10204081632653	-2.64073201747255
1.10204081632653	-2.57434237244432
1.10204081632653	-2.35535315040874
1.10204081632653	-2.2990969955906
1.10204081632653	-2.14198232871868
1.10204081632653	-1.9360883633684
1.10204081632653	-1.93608836336839
1.10204081632653	-1.74032698819003
1.10204081632653	-1.5585210687377
1.10204081632653	-1.39613317359078
1.10204081632653	-1.26068940501882
1.10204081632653	-1.16165301802104
1.3469387755102	-6.14932874913782
1.3469387755102	-5.9106212503578
1.3469387755102	-5.67244154542064
1.3469387755102	-5.43485902559318
1.3469387755102	-5.19795557798966
1.3469387755102	-4.9618284708624
1.3469387755102	-4.72659405688623
1.3469387755102	-4.49239257008428
1.3469387755102	-4.25939439941047
1.3469387755102	-4.0278083763425
1.3469387755102	-3.79789283737245
1.3469387755102	-3.56997054786447
1.3469387755102	-3.34444904908106
1.3469387755102	-3.1218486817915
1.3469387755102	-3.04679046041953
1.3469387755102	-3.04679046041952
1.3469387755102	-3.01719566058956
1.3469387755102	-3.01719566058955
1.3469387755102	-2.90284153252156
1.3469387755102	-2.68830592654288
1.3469387755102	-2.67795650726848
1.3469387755102	-2.67795650726847
1.3469387755102	-2.47940286505917
1.3469387755102	-2.33632148538652
1.3469387755102	-2.27768268217203
1.3469387755102	-2.08523098358282
1.3469387755102	-1.90485908401274
1.3469387755102	-1.74032698819003
1.3469387755102	-1.59653936453942
1.3469387755102	-1.47955664982791
1.3469387755102	-1.39613317359078
1.59183673469388	-6.20757152112812
1.59183673469388	-5.97119281970773
1.59183673469388	-5.73552902626794
1.59183673469388	-5.73552902626793
1.59183673469388	-5.50067202739989
1.59183673469388	-5.26672975533222
1.59183673469388	-5.03382974475783
1.59183673469388	-4.8021236451741
1.59183673469388	-4.57179298839048
1.59183673469388	-4.34305661656364
1.59183673469388	-4.11618032178897
1.59183673469388	-3.89148944867038
1.59183673469388	-3.66938548500531
1.59183673469388	-3.45036803353601
1.59183673469388	-3.23506403598928
1.59183673469388	-3.08401495021545
1.59183673469388	-3.08401495021544
1.59183673469388	-3.05442015038548
1.59183673469388	-3.05442015038547
1.59183673469388	-3.02426670250493
1.59183673469388	-2.81898720813584
1.59183673469388	-2.7151809970644
1.59183673469388	-2.71518099706439
1.59183673469388	-2.62052259906523
1.59183673469388	-2.43054284587092
1.59183673469388	-2.37354597518244
1.59183673469388	-2.25119709928778
1.59183673469388	-2.08523098358282
1.59183673469388	-1.93608836336839
1.59183673469388	-1.8079375175796
1.59183673469388	-1.7055169319001
1.59183673469388	-1.63367315070935
1.83673469387755	-6.27483819199296
1.83673469387755	-6.04109210622564
1.83673469387755	-5.80826509010519
1.83673469387755	-5.57647226289095
1.83673469387755	-5.34584815174116
1.83673469387755	-5.11655079570029
1.83673469387755	-4.88876688432909
1.83673469387755	-4.66271822807994
1.83673469387755	-4.43866994948372
1.83673469387755	-4.21694090393206
1.83673469387755	-3.99791699199539
1.83673469387755	-3.78206821505645
1.83673469387755	-3.56997054786447
1.83673469387755	-3.36233393087657
1.83673469387755	-3.16003785319933
1.83673469387755	-3.12123944001136
1.83673469387755	-3.12123944001135
1.83673469387755	-3.0916446401814
1.83673469387755	-3.09164464018139
1.83673469387755	-2.96417594373311
1.83673469387755	-2.77611037928685
1.83673469387755	-2.75240548686031
1.83673469387755	-2.7524054868603
1.83673469387755	-2.59753511456283
1.83673469387755	-2.43054284587092
1.83673469387755	-2.41077046497836
1.83673469387755	-2.27768268217203
1.83673469387755	-2.14198232871868
1.83673469387755	-2.02689126823431
1.83673469387755	-1.9360883633684
1.83673469387755	-1.8731092090749
2.08163265306122	-6.3508420309665
2.08163265306122	-6.11999951000806
2.08163265306122	-5.89029231223136
2.08163265306122	-5.66185862287195
2.08163265306122	-5.43485902559318
2.08163265306122	-5.20948099253452
2.08163265306122	-4.98594442567404
2.08163265306122	-4.76450852041071
2.08163265306122	-4.54548029222953
2.08163265306122	-4.32922519093805
2.08163265306122	-4.11618032178896
2.08163265306122	-3.90687088984746
2.08163265306122	-3.70193056110146
2.08163265306122	-3.50212644393676
2.08163265306122	-3.30838924557705
2.08163265306122	-3.15846392980728
2.08163265306122	-3.15846392980727
2.08163265306122	-3.12886912997732
2.08163265306122	-3.12886912997731
2.08163265306122	-3.1218486817915
2.08163265306122	-2.94387312983787
2.08163265306122	-2.78962997665623
2.08163265306122	-2.78962997665622
2.08163265306122	-2.77611037928685
2.08163265306122	-2.62052259906523
2.08163265306122	-2.47940286505917
2.08163265306122	-2.44799495477427
2.08163265306122	-2.35535315040874
2.08163265306122	-2.25119709928778
2.08163265306122	-2.16980144653094
2.08163265306122	-2.11379712264882
2.3265306122449	-6.4352734743531
2.3265306122449	-6.20757152112812
2.3265306122449	-5.98122844497297
2.3265306122449	-5.75640454214359
2.3265306122449	-5.53328499315674
2.3265306122449	-5.31208456248584
2.3265306122449	-5.09305330851072
2.3265306122449	-4.87648353103834
2.3265306122449	-4.66271822807994
2.3265306122449	-4.45216137861988
2.3265306122449	-4.24529040572075
2.3265306122449	-4.04267118838021
2.3265306122449	-3.84497595137329
2.3265306122449	-3.65300421800236
2.3265306122449	-3.46770667555256
2.3265306122449	-3.29021114511292
2.3265306122449	-3.29021114511291
2.3265306122449	-3.1956884196032
2.3265306122449	-3.19568841960319
2.3265306122449	-3.16609361977324
2.3265306122449	-3.16609361977323
2.3265306122449	-3.1218486817915
2.3265306122449	-2.96417594373311
2.3265306122449	-2.82685446645215
2.3265306122449	-2.82685446645214
2.3265306122449	-2.81898720813584
2.3265306122449	-2.68830592654288
2.3265306122449	-2.57434237244432
2.3265306122449	-2.48521944457019
2.3265306122449	-2.47940286505917
2.3265306122449	-2.40574073931288
2.3265306122449	-2.35535315040874
2.3265306122449	-2.32975072536006
2.57142857142857	-6.52780551931192
2.57142857142857	-6.30344702509408
2.57142857142857	-6.08067380470292
2.57142857142857	-5.85966666808428
2.57142857142857	-5.64063321123968
2.57142857142857	-5.4238125527388
2.57142857142857	-5.20948099253453
2.57142857142857	-4.99795876701026
2.57142857142857	-4.78961809361827
2.57142857142857	-4.58489270861609
2.57142857142857	-4.38428909142077
2.57142857142857	-4.18839952077234
2.57142857142857	-3.99791699199539
2.57142857142857	-3.81365179650549
2.57142857142857	-3.63654916038796
2.57142857142857	-3.46770667555256
2.57142857142857	-3.30838924557705
2.57142857142857	-3.23291290939912
2.57142857142857	-3.23291290939911
2.57142857142857	-3.20331810956916
2.57142857142857	-3.20331810956914
2.57142857142857	-3.16003785319933
2.57142857142857	-3.02426670250493
2.57142857142857	-2.90284153252156
2.57142857142857	-2.86407895624807
2.57142857142857	-2.86407895624806
2.57142857142857	-2.79763093684797
2.57142857142857	-2.71052370871575
2.57142857142857	-2.64331018101097
2.57142857142857	-2.59753511456283
2.81632653061224	-6.62809890745683
2.81632653061224	-6.40725328258831
2.81632653061224	-6.18821817232324
2.81632653061224	-5.97119281970773
2.81632653061224	-5.75640454214359
2.81632653061224	-5.54411334988005
2.81632653061224	-5.33461736590824
2.81632653061224	-5.12825916523394
2.81632653061224	-4.92543314966174
2.81632653061224	-4.72659405688623
2.81632653061224	-4.53226665877267
2.81632653061224	-4.34305661656364
2.81632653061224	-4.15966230648074
2.81632653061224	-3.982887175663
2.81632653061224	-3.81365179650549
2.81632653061224	-3.65300421800236
2.81632653061224	-3.50212644393676
2.81632653061224	-3.36233393087657
2.81632653061224	-3.27013739919504
2.81632653061224	-3.27013739919503
2.81632653061224	-3.24054259936507
2.81632653061224	-3.24054259936506
2.81632653061224	-3.23506403598928
2.81632653061224	-3.1218486817915
2.81632653061224	-3.02426670250493
2.81632653061224	-2.94387312983787
2.81632653061224	-2.90130344604399
2.81632653061224	-2.90130344604398
2.81632653061224	-2.88210668471995
2.81632653061224	-2.84018289912078
3.06122448979592	-6.73580695811024
3.06122448979592	-6.51861142246832
3.06122448979592	-6.30344702509408
3.06122448979592	-6.09052903613676
3.06122448979592	-5.88010148744962
3.06122448979592	-5.67244154542064
3.06122448979592	-5.46786454573864
3.06122448979592	-5.26672975533222
3.06122448979592	-5.06944690885333
3.06122448979592	-4.87648353103834
3.06122448979592	-4.68837299242693
3.06122448979592	-4.50572314113651
3.06122448979592	-4.32922519093805
3.06122448979592	-4.15966230648074
3.06122448979592	-3.99791699199539
3.06122448979592	-3.84497595137329
3.06122448979592	-3.84497595137328
3.06122448979592	-3.70193056110146
3.06122448979592	-3.56997054786447
3.06122448979592	-3.45036803353601
3.06122448979592	-3.34444904908106
3.06122448979592	-3.30736188899096
3.06122448979592	-3.30736188899095
3.06122448979592	-3.27776708916099
3.06122448979592	-3.27776708916098
3.06122448979592	-3.25355026667423
3.06122448979592	-3.17896040467278
3.06122448979592	-3.1218486817915
3.06122448979592	-3.08318652539123
3.30612244897959	-6.8505799497303
3.30612244897959	-6.63714133854742
3.30612244897959	-6.42594698615604
3.30612244897959	-6.21722560397687
3.30612244897959	-6.01123479606542
3.30612244897959	-5.80826509010519
3.30612244897959	-5.60864448519124
3.30612244897959	-5.41274353599192
3.30612244897959	-5.22098096457008
3.30612244897959	-5.03382974475783
3.30612244897959	-4.85182353212056
3.30612244897959	-4.67556320621309
3.30612244897959	-4.50572314113651
3.30612244897959	-4.34305661656364
3.30612244897959	-4.18839952077234
3.30612244897959	-4.04267118838021
3.30612244897959	-3.90687088984746
3.30612244897959	-3.78206821505645
3.30612244897959	-3.66938548500531
3.30612244897959	-3.56997054786447
3.30612244897959	-3.48495905406311
3.30612244897959	-3.41542669738319
3.30612244897959	-3.36233393087657
3.30612244897959	-3.34458637878687
3.30612244897959	-3.34458637878686
3.30612244897959	-3.32646800992803
3.30612244897959	-3.31499157895691
3.30612244897959	-3.3149915789569
3.55102040816326	-6.97206898554453
3.55102040816326	-6.76246592889016
3.55102040816326	-6.55531043966898
3.55102040816326	-6.3508420309665
3.55102040816326	-6.14932874913782
3.55102040816326	-5.9510707984765
3.55102040816326	-5.75640454214359
3.55102040816326	-5.56570686238213
3.55102040816326	-5.37939982934419
3.55102040816326	-5.19795557798966
3.55102040816326	-5.02190122148813
3.55102040816326	-4.85182353212056
3.55102040816326	-4.68837299242693
3.55102040816326	-4.53226665877267
3.55102040816326	-4.38428909142077
3.55102040816326	-4.24529040572075
3.55102040816326	-4.11618032178896
3.55102040816326	-3.99791699199539
3.55102040816326	-3.89148944867038
3.55102040816326	-3.79789283737245
3.55102040816326	-3.71809627363812
3.55102040816326	-3.65300421800236
3.55102040816326	-3.6034136251989
3.55102040816326	-3.56997054786447
3.79591836734694	-7.09992931313839
3.79591836734694	-6.89421465808616
3.79591836734694	-6.69113931052127
3.79591836734694	-6.69113931052126
3.79591836734694	-6.49095099462787
3.79591836734694	-6.29392519635742
3.79591836734694	-6.10036834632546
3.79591836734694	-5.9106212503578
3.79591836734694	-5.72506272370333
3.79591836734694	-5.54411334988005
3.79591836734694	-5.36823923676318
3.79591836734694	-5.19795557798966
3.79591836734694	-5.03382974475783
3.79591836734694	-4.87648353103834
3.79591836734694	-4.72659405688623
3.79591836734694	-4.5848927086161
3.79591836734694	-4.58489270861609
3.79591836734694	-4.45216137861988
3.79591836734694	-4.32922519093805
3.79591836734694	-4.21694090393206
3.79591836734694	-4.11618032178897
3.79591836734694	-4.0278083763425
3.79591836734694	-3.95265609589444
3.79591836734694	-3.89148944867038
3.79591836734694	-3.84497595137328
3.79591836734694	-3.81365179650549
4.04081632653061	-7.23382309603686
4.04081632653061	-7.03202645650346
4.04081632653061	-6.8330480465161
4.04081632653061	-6.63714133854742
4.04081632653061	-6.44458646544037
4.04081632653061	-6.25569295074847
4.04081632653061	-6.07080257448516
4.04081632653061	-5.89029231223136
4.04081632653061	-5.71457725203822
4.04081632653061	-5.54411334988005
4.04081632653061	-5.37939982934419
4.04081632653061	-5.22098096457008
4.04081632653061	-5.06944690885333
4.04081632653061	-4.92543314966174
4.04081632653061	-4.78961809361827
4.04081632653061	-4.66271822807994
4.04081632653061	-4.54548029222953
4.04081632653061	-4.43866994948372
4.04081632653061	-4.34305661656364
4.04081632653061	-4.25939439941047
4.04081632653061	-4.18839952077234
4.04081632653061	-4.13072517390196
4.04081632653061	-4.08693533100701
4.04081632653061	-4.05747955733409
4.28571428571429	-7.37342165746511
4.28571428571429	-7.17555199542054
4.28571428571429	-6.9806658679539
4.28571428571429	-6.78902021663467
4.28571428571429	-6.60089729238052
4.28571428571429	-6.60089729238051
4.28571428571429	-6.41660694199538
4.28571428571429	-6.23648893628417
4.28571428571429	-6.06091526731326
4.28571428571429	-5.89029231223136
4.28571428571429	-5.72506272370333
4.28571428571429	-5.56570686238213
4.28571428571429	-5.41274353599192
4.28571428571429	-5.26672975533222
4.28571428571429	-5.12825916523394
4.28571428571429	-4.99795876701026
4.28571428571429	-4.87648353103834
4.28571428571429	-4.76450852041071
4.28571428571429	-4.66271822807994
4.28571428571429	-4.57179298839048
4.28571428571429	-4.49239257008428
4.28571428571429	-4.42513738765534
4.28571428571429	-4.3705881545081
4.28571428571429	-4.32922519093804
4.28571428571429	-4.30142891516334
4.53061224489796	-7.51840723249408
4.53061224489796	-7.32445539366768
4.53061224489796	-7.13363836585935
4.53061224489796	-6.94621449976302
4.53061224489796	-6.76246592889016
4.53061224489796	-6.58270043545254
4.53061224489796	-6.40725328258831
4.53061224489796	-6.23648893628417
4.53061224489796	-6.07080257448516
4.53061224489796	-5.9106212503578
4.53061224489796	-5.75640454214359
4.53061224489796	-5.60864448519124
4.53061224489796	-5.46786454573864
4.53061224489796	-5.33461736590824
4.53061224489796	-5.20948099253453
4.53061224489796	-5.09305330851072
4.53061224489796	-4.98594442567404
4.53061224489796	-4.88876688432909
4.53061224489796	-4.8021236451741
4.53061224489796	-4.72659405688623
4.53061224489796	-4.66271822807994
4.53061224489796	-4.61098050214597
4.53061224489796	-4.57179298839048
4.53061224489796	-4.54548029222953
4.77551020408163	-7.66847427519241
4.77551020408163	-7.47841542102978
4.77551020408163	-7.29162853761277
4.77551020408163	-7.10837156262857
4.77551020408163	-6.92892457998128
4.77551020408163	-6.75359129786335
4.77551020408163	-6.58270043545254
4.77551020408163	-6.41660694199538
4.77551020408163	-6.25569295074847
4.77551020408163	-6.10036834632546
4.77551020408163	-5.95107079847651
4.77551020408163	-5.9510707984765
4.77551020408163	-5.80826509010519
4.77551020408163	-5.67244154542064
4.77551020408163	-5.54411334988005
4.77551020408163	-5.4238125527388
4.77551020408163	-5.31208456248584
4.77551020408163	-5.20948099253453
4.77551020408163	-5.20948099253452
4.77551020408163	-5.11655079570029
4.77551020408163	-5.03382974475783
4.77551020408163	-4.9618284708624
4.77551020408163	-4.90101945212804
4.77551020408163	-4.85182353212056
4.77551020408163	-4.81459671461327
4.77551020408163	-4.78961809361827
5.02040816326531	-7.82333037304324
5.02040816326531	-7.63712626751641
5.02040816326531	-7.45431734949768
5.02040816326531	-7.27515956449614
5.02040816326531	-7.09992931313839
5.02040816326531	-6.92892457998128
5.02040816326531	-6.76246592889016
5.02040816326531	-6.60089729238051
5.02040816326531	-6.44458646544037
5.02040816326531	-6.29392519635742
5.02040816326531	-6.14932874913782
5.02040816326531	-6.01123479606542
5.02040816326531	-5.88010148744962
5.02040816326531	-5.75640454214359
5.02040816326531	-5.64063321123968
5.02040816326531	-5.53328499315674
5.02040816326531	-5.43485902559318
5.02040816326531	-5.34584815174116
5.02040816326531	-5.26672975533222
5.02040816326531	-5.19795557798966
5.02040816326531	-5.13994086411804
5.02040816326531	-5.09305330851071
5.02040816326531	-5.05760239054613
5.02040816326531	-5.03382974475783
5.26530612244898	-7.97171726378571
5.26530612244898	-7.80029794708554
5.26530612244898	-7.62140391163858
5.26530612244898	-7.44626732841344
5.26530612244898	-7.27515956449614
5.26530612244898	-7.10837156262857
5.26530612244898	-6.94621449976302
5.26530612244898	-6.78902021663467
5.26530612244898	-6.63714133854742
5.26530612244898	-6.49095099462787
5.26530612244898	-6.3508420309665
5.26530612244898	-6.21722560397687
5.26530612244898	-6.09052903613676
5.26530612244898	-5.97119281970773
5.26530612244898	-5.85966666808428
5.26530612244898	-5.75640454214359
5.26530612244898	-5.66185862287195
5.26530612244898	-5.57647226289095
5.26530612244898	-5.50067202739989
5.26530612244898	-5.43485902559318
5.26530612244898	-5.3793998293442
5.26530612244898	-5.33461736590824
5.26530612244898	-5.30078224210123
5.26530612244898	-5.2781049948373
5.26530612244898	-7.97171726378571
5.51020408163265	-8.00894175358163
5.51020408163265	-7.96765640081507
5.51020408163265	-7.79260534368848
5.51020408163265	-7.62140391163858
5.51020408163265	-7.45431734949768
5.51020408163265	-7.29162853761277
5.51020408163265	-7.13363836585935
5.51020408163265	-6.9806658679539
5.51020408163265	-6.8330480465161
5.51020408163265	-6.69113931052126
5.51020408163265	-6.55531043966898
5.51020408163265	-6.42594698615604
5.51020408163265	-6.30344702509408
5.51020408163265	-6.18821817232324
5.51020408163265	-6.08067380470292
5.51020408163265	-5.98122844497297
5.51020408163265	-5.89029231223136
5.51020408163265	-5.80826509010519
5.51020408163265	-5.73552902626793
5.51020408163265	-5.67244154542064
5.51020408163265	-5.6193276272247
5.51020408163265	-5.57647226289095
5.51020408163265	-5.54411334988005
5.51020408163265	-5.52243540430025
5.51020408163265	-8.00894175358163
5.75510204081633	-8.04616624337754
5.75510204081633	-7.96765640081507
5.75510204081633	-7.80029794708554
5.75510204081633	-7.63712626751641
5.75510204081633	-7.47841542102978
5.75510204081633	-7.32445539366768
5.75510204081633	-7.17555199542054
5.75510204081633	-7.03202645650346
5.75510204081633	-6.89421465808616
5.75510204081633	-6.76246592889016
5.75510204081633	-6.63714133854742
5.75510204081633	-6.51861142246832
5.75510204081633	-6.40725328258831
5.75510204081633	-6.30344702509408
5.75510204081633	-6.20757152112812
5.75510204081633	-6.11999951000806
5.75510204081633	-6.04109210622564
5.75510204081633	-5.97119281970773
5.75510204081633	-5.9106212503578
5.75510204081633	-5.85966666808428
5.75510204081633	-5.81858173249799
5.75510204081633	-5.81858173249798
5.75510204081633	-5.78757663580235
5.75510204081633	-5.76681396211426
5.75510204081633	-8.04616624337754
5.75510204081633	-8.13894335896352
6.0	-8.08339073317346
6.0	-7.98269682269712
6.0	-7.82333037304324
6.0	-7.66847427519241
6.0	-7.51840723249408
6.0	-7.37342165746511
6.0	-7.23382309603686
6.0	-7.09992931313839
6.0	-6.97206898554453
6.0	-6.8505799497303
6.0	-6.73580695811024
6.0	-6.62809890745683
6.0	-6.52780551931192
6.0	-6.4352734743531
6.0	-6.3508420309665
6.0	-6.27483819199296
6.0	-6.20757152112812
6.0	-6.14932874913782
6.0	-6.10036834632546
6.0	-6.06091526731326
6.0	-6.03115609274682
6.0	-6.01123479606542
6.0	-8.08339073317346
6.0	-8.14630892007178
6.0	-8.14630892007179
6.0	-8.31391601474349
