2.571428571428571	-0.0
2.816326530612244	-0.0
3.061224489795919	-0.0
3.061224489795919	-0.019274954420884
3.061224489795919	-0.077739490016203
3.306122448979592	-0.0
3.306122448979592	-0.056499444216802
3.551020408163265	-0.0
3.551020408163265	-0.09372393401272
3.795918367346939	-0.0
3.795918367346939	-0.023685024303468
3.795918367346939	-0.130948423808639
4.040816326530612	-0.0
4.040816326530612	-0.060909514099386
4.040816326530612	-0.168172913604557
4.285714285714285	-0.0
4.285714285714285	-0.098134003895304
4.285714285714285	-0.205397403400476
4.530612244897959	-0.0
4.530612244897959	-0.135358493691223
4.530612244897959	-0.242621893196394
4.775510204081632	-0.0
4.775510204081632	-0.030776665337398
4.775510204081632	-0.030776665337399
4.775510204081632	-0.172582983487141
4.775510204081632	-0.279846382992312
5.020408163265305	-0.0
5.020408163265305	-0.068001155133316
5.020408163265305	-0.068001155133317
5.020408163265305	-0.209807473283059
5.020408163265305	-0.317070872788231
5.26530612244898	-0.0
5.26530612244898	-0.105225644929235
5.26530612244898	-0.247031963078978
5.26530612244898	-0.354295362584149
5.510204081632653	-0.0
5.510204081632653	-0.142450134725153
5.510204081632653	-0.142450134725154
5.510204081632653	-0.284256452874896
5.510204081632653	-0.391519852380067
5.755102040816325	-0.0
5.755102040816325	-0.016574426693275
5.755102040816325	-0.179674624521071
5.755102040816325	-0.179674624521072
5.755102040816325	-0.321480942670814
5.755102040816325	-0.428744342175986
6.0	-0.0
6.0	-0.053798916489193
6.0	-0.21689911431699
6.0	-0.358705432466733
6.0	-0.465968831971904
