-0.0	0.0	-6.0
-1.6967028319042077	1.6967028319042077	-6.0
-2.3743738077141194	2.3743738077141194	-6.0
-2.8768996223193626	2.8768996223193626	-6.0
-3.285650905713977	3.285650905713977	-6.0
-3.63242374878155	3.63242374878155	-6.0
-3.9336436908266963	3.9336436908266963	-6.0
-4.199125273342592	4.199125273342592	-6.0
-4.435290679904041	4.435290679904041	-6.0
-4.646612072084149	4.646612072084149	-6.0
-4.836347181583224	4.836347181583224	-6.0
-5.00695060414552	5.00695060414552	-6.0
-5.160320205478892	5.160320205478892	-6.0
-5.297952894559331	5.297952894559331	-6.0
-5.421047417431507	5.421047417431507	-6.0
-5.530574591332024	5.530574591332024	-6.0
-5.6273266741597014	5.6273266741597014	-6.0
-5.711952876583151	5.711952876583151	-6.0
-5.784985376825004	5.784985376825004	-6.0
-5.846858638194281	5.846858638194281	-6.0
-5.897923875326839	5.897923875326839	-6.0
-5.938459911664721	5.938459911664721	-6.0
-5.968681276875399	5.968681276875399	-6.0
-5.988744127659176	5.988744127659176	-6.0
-5.998750390489415	5.998750390489415	-6.0
-5.998750390489415	5.998750390489415	-6.0
-5.988744127659176	5.988744127659176	-6.0
-5.968681276875399	5.968681276875399	-6.0
-5.938459911664722	5.938459911664722	-6.0
-5.897923875326839	5.897923875326839	-6.0
-5.846858638194281	5.846858638194281	-6.0
-5.784985376825004	5.784985376825004	-6.0
-5.711952876583151	5.711952876583151	-6.0
-5.6273266741597014	5.6273266741597014	-6.0
-5.530574591332024	5.530574591332024	-6.0
-5.421047417431508	5.421047417431508	-6.0
-5.297952894559332	5.297952894559332	-6.0
-5.160320205478892	5.160320205478892	-6.0
-5.00695060414552	5.00695060414552	-6.0
-4.836347181583225	4.836347181583225	-6.0
-4.646612072084149	4.646612072084149	-6.0
-4.435290679904041	4.435290679904041	-6.0
-4.199125273342592	4.199125273342592	-6.0
-3.9336436908266963	3.9336436908266963	-6.0
-3.63242374878155	3.63242374878155	-6.0
-3.2856509057139784	3.2856509057139784	-6.0
-2.8768996223193626	2.8768996223193626	-6.0
-2.3743738077141217	2.3743738077141217	-6.0
-1.69670283190421	1.69670283190421	-6.0
-0.0	0.0	-6.0
-0.0	0.0	-5.755102040816326
-1.6609787713776136	1.6609787713776136	-5.755102040816326
-2.3233060360420734	2.3233060360420734	-5.755102040816326
-2.8136633370798503	2.8136633370798503	-5.755102040816326
-3.211806624147919	3.211806624147919	-5.755102040816326
-3.5489085909035354	3.5489085909035354	-5.755102040816326
-3.841074401965254	3.841074401965254	-5.755102040816326
-4.097926660575063	4.097926660575063	-5.755102040816326
-4.325760424323843	4.325760424323843	-5.755102040816326
-4.528957226671085	4.528957226671085	-5.755102040816326
-4.710706300817471	4.710706300817471	-5.755102040816326
-4.873407855216096	4.873407855216096	-5.755102040816326
-5.01891466087817	5.01891466087817	-5.755102040816326
-5.148684744888645	5.148684744888645	-5.755102040816326
-5.2638821045399204	5.2638821045399204	-5.755102040816326
-5.365445461275096	5.365445461275096	-5.755102040816326
-5.454136518690634	5.454136518690634	-5.755102040816326
-5.530574591332023	5.530574591332023	-5.755102040816326
-5.595261873695932	5.595261873695932	-5.755102040816326
-5.6486020871856955	5.6486020871856955	-5.755102040816326
-5.690914304631305	5.690914304631305	-5.755102040816326
-5.722443157003064	5.722443157003064	-5.755102040816326
-5.743366236518485	5.743366236518485	-5.755102040816326
-5.753799244638725	5.753799244638725	-5.755102040816326
-5.753799244638725	5.753799244638725	-5.755102040816326
-5.743366236518485	5.743366236518485	-5.755102040816326
-5.722443157003064	5.722443157003064	-5.755102040816326
-5.690914304631306	5.690914304631306	-5.755102040816326
-5.6486020871856955	5.6486020871856955	-5.755102040816326
-5.595261873695932	5.595261873695932	-5.755102040816326
-5.530574591332023	5.530574591332023	-5.755102040816326
-5.454136518690634	5.454136518690634	-5.755102040816326
-5.365445461275097	5.365445461275097	-5.755102040816326
-5.2638821045399204	5.2638821045399204	-5.755102040816326
-5.148684744888646	5.148684744888646	-5.755102040816326
-5.0189146608781705	5.0189146608781705	-5.755102040816326
-4.873407855216096	4.873407855216096	-5.755102040816326
-4.710706300817471	4.710706300817471	-5.755102040816326
-4.528957226671085	4.528957226671085	-5.755102040816326
-4.325760424323843	4.325760424323843	-5.755102040816326
-4.097926660575063	4.097926660575063	-5.755102040816326
-3.8410744019652547	3.8410744019652547	-5.755102040816326
-3.5489085909035354	3.5489085909035354	-5.755102040816326
-3.211806624147919	3.211806624147919	-5.755102040816326
-2.813663337079852	2.813663337079852	-5.755102040816326
-2.3233060360420734	2.3233060360420734	-5.755102040816326
-1.660978771377617	1.660978771377617	-5.755102040816326
-8.429369702178807e-08	8.429369702178807e-08	-5.755102040816326
-0.0	0.0	-5.510204081632653
-1.6244692850720337	1.6244692850720337	-5.510204081632653
-2.271090243794868	2.271090243794868	-5.510204081632653
-2.7489727739563667	2.7489727739563667	-5.510204081632653
-3.136224116293641	3.136224116293641	-5.510204081632653
-3.463380152750438	3.463380152750438	-5.510204081632653
-3.746218418149802	3.746218418149802	-5.510204081632653
-3.994164840073492	3.994164840073492	-5.510204081632653
-4.213383804265777	4.213383804265777	-5.510204081632653
-4.408163265306123	4.408163265306123	-5.510204081632653
-4.581621289927276	4.581621289927276	-5.510204081632653
-4.73610112795438	4.73610112795438	-5.510204081632653
-4.873407855216098	4.873407855216098	-5.510204081632653
-4.994957890866401	4.994957890866401	-5.510204081632653
-5.10187754840808	5.10187754840808	-5.510204081632653
-5.195070229125656	5.195070229125656	-5.510204081632653
-5.275263484539923	5.275263484539923	-5.510204081632653
-5.343042668393004	5.343042668393004	-5.510204081632653
-5.398875351440474	5.398875351440474	-5.510204081632653
-5.443129168381928	5.443129168381928	-5.510204081632653
-5.476084842856628	5.476084842856628	-5.510204081632653
-5.497945547912731	5.497945547912731	-5.510204081632653
-5.508843369405058	5.508843369405058	-5.510204081632653
-5.508843369405058	5.508843369405058	-5.510204081632653
-5.497945547912731	5.497945547912731	-5.510204081632653
-5.476084842856628	5.476084842856628	-5.510204081632653
-5.443129168381928	5.443129168381928	-5.510204081632653
-5.398875351440474	5.398875351440474	-5.510204081632653
-5.343042668393004	5.343042668393004	-5.510204081632653
-5.2752634845399236	5.2752634845399236	-5.510204081632653
-5.195070229125656	5.195070229125656	-5.510204081632653
-5.101877548408081	5.101877548408081	-5.510204081632653
-4.994957890866401	4.994957890866401	-5.510204081632653
-4.873407855216098	4.873407855216098	-5.510204081632653
-4.736101127954381	4.736101127954381	-5.510204081632653
-4.581621289927276	4.581621289927276	-5.510204081632653
-4.408163265306124	4.408163265306124	-5.510204081632653
-4.213383804265778	4.213383804265778	-5.510204081632653
-3.994164840073492	3.994164840073492	-5.510204081632653
-3.746218418149802	3.746218418149802	-5.510204081632653
-3.463380152750439	3.463380152750439	-5.510204081632653
-3.136224116293641	3.136224116293641	-5.510204081632653
-2.7489727739563667	2.7489727739563667	-5.510204081632653
-2.27109024379487	2.27109024379487	-5.510204081632653
-1.6244692850720337	1.6244692850720337	-5.510204081632653
-1.0323827311807139e-07	1.0323827311807139e-07	-5.510204081632653
-0.0	0.0	-5.26530612244898
-1.5871201710386607	1.5871201710386607	-5.26530612244898
-2.2176453399520217	2.2176453399520217	-5.26530612244898
-2.6827227306375487	2.6827227306375487	-5.26530612244898
-3.0587745298277875	3.0587745298277875	-5.26530612244898
-3.375685408675157	3.375685408675157	-5.26530612244898
-3.6488974103880834	3.6488974103880834	-5.26530612244898
-3.88763457952348	3.88763457952348	-5.26530612244898
-4.097926660575063	4.097926660575063	-5.26530612244898
-4.283964657437363	4.283964657437363	-5.26530612244898
-4.448792357041213	4.448792357041213	-5.26530612244898
-4.5946929892147885	4.5946929892147885	-5.26530612244898
-4.723420780894508	4.723420780894508	-5.26530612244898
-4.836347181583224	4.836347181583224	-5.26530612244898
-4.93455714602691	4.93455714602691	-5.26530612244898
-5.0189146608781705	5.0189146608781705	-5.26530612244898
-5.090108495712619	5.090108495712619	-5.26530612244898
-5.148684744888646	5.148684744888646	-5.26530612244898
-5.195070229125656	5.195070229125656	-5.26530612244898
-5.229589347933703	5.229589347933703	-5.26530612244898
-5.252476062741359	5.252476062741359	-5.26530612244898
-5.263882104539921	5.263882104539921	-5.26530612244898
-5.263882104539921	5.263882104539921	-5.26530612244898
-5.252476062741359	5.252476062741359	-5.26530612244898
-5.229589347933703	5.229589347933703	-5.26530612244898
-5.195070229125656	5.195070229125656	-5.26530612244898
-5.148684744888646	5.148684744888646	-5.26530612244898
-5.090108495712619	5.090108495712619	-5.26530612244898
-5.018914660878171	5.018914660878171	-5.26530612244898
-4.93455714602691	4.93455714602691	-5.26530612244898
-4.836347181583225	4.836347181583225	-5.26530612244898
-4.723420780894508	4.723420780894508	-5.26530612244898
-4.5946929892147885	4.5946929892147885	-5.26530612244898
-4.448792357041213	4.448792357041213	-5.26530612244898
-4.283964657437363	4.283964657437363	-5.26530612244898
-4.097926660575064	4.097926660575064	-5.26530612244898
-3.887634579523481	3.887634579523481	-5.26530612244898
-3.6488974103880834	3.6488974103880834	-5.26530612244898
-3.375685408675157	3.375685408675157	-5.26530612244898
-3.0587745298277884	3.0587745298277884	-5.26530612244898
-2.6827227306375487	2.6827227306375487	-5.26530612244898
-2.2176453399520217	2.2176453399520217	-5.26530612244898
-1.587120171038664	1.587120171038664	-5.26530612244898
-0.0	0.0	-5.26530612244898
-0.0	0.0	-5.020408163265306
-1.5488706906947174	1.5488706906947174	-5.020408163265306
-2.1628802121619213	2.1628802121619213	-5.020408163265306
-2.6147946739668515	2.6147946739668515	-5.020408163265306
-2.979312259737904	2.979312259737904	-5.020408163265306
-3.285650905713976	3.285650905713976	-5.020408163265306
-3.548908590903536	3.548908590903536	-5.020408163265306
-3.778101702989758	3.778101702989758	-5.020408163265306
-3.979120851250266	3.979120851250266	-5.020408163265306
-4.156056183300524	4.156056183300524	-5.020408163265306
-4.311873517140981	4.311873517140981	-5.020408163265306
-4.448792357041213	4.448792357041213	-5.020408163265306
-4.568512189267991	4.568512189267991	-5.020408163265306
-4.672355272246264	4.672355272246264	-5.020408163265306
-4.761360513115979	4.761360513115979	-5.020408163265306
-4.836347181583224	4.836347181583224	-5.020408163265306
-4.8979591836734695	4.8979591836734695	-5.020408163265306
-4.946696296340609	4.946696296340609	-5.020408163265306
-4.98293631413285	4.98293631413285	-5.020408163265306
-5.006950604145519	5.006950604145519	-5.020408163265306
-5.0189146608781705	5.0189146608781705	-5.020408163265306
-5.0189146608781705	5.0189146608781705	-5.020408163265306
-5.006950604145519	5.006950604145519	-5.020408163265306
-4.98293631413285	4.98293631413285	-5.020408163265306
-4.946696296340609	4.946696296340609	-5.020408163265306
-4.8979591836734695	4.8979591836734695	-5.020408163265306
-4.836347181583224	4.836347181583224	-5.020408163265306
-4.761360513115979	4.761360513115979	-5.020408163265306
-4.672355272246264	4.672355272246264	-5.020408163265306
-4.568512189267991	4.568512189267991	-5.020408163265306
-4.448792357041212	4.448792357041212	-5.020408163265306
-4.311873517140982	4.311873517140982	-5.020408163265306
-4.1560561833005245	4.1560561833005245	-5.020408163265306
-3.979120851250266	3.979120851250266	-5.020408163265306
-3.7781017029897583	3.7781017029897583	-5.020408163265306
-3.5489085909035367	3.5489085909035367	-5.020408163265306
-3.285650905713976	3.285650905713976	-5.020408163265306
-2.979312259737904	2.979312259737904	-5.020408163265306
-2.614794673966853	2.614794673966853	-5.020408163265306
-2.1628802121619213	2.1628802121619213	-5.020408163265306
-1.5488706906947174	1.5488706906947174	-5.020408163265306
-1.0323827311807139e-07	1.0323827311807139e-07	-5.020408163265306
-0.0	0.0	-4.775510204081632
-1.50965240889036	1.50965240889036	-4.775510204081632
-2.1066919021328876	2.1066919021328876	-4.775510204081632
-2.545054247856309	2.545054247856309	-4.775510204081632
-2.89767173049777	2.89767173049777	-4.775510204081632
-3.193078729078848	3.193078729078848	-4.775510204081632
-3.44601974191109	3.44601974191109	-4.775510204081632
-3.665297031941819	3.665297031941819	-4.775510204081632
-3.856656917883335	3.856656917883335	-4.775510204081632
-4.024084095956321	4.024084095956321	-4.775510204081632
-4.170461967165649	4.170461967165649	-4.775510204081632
-4.297941740763488	4.297941740763488	-4.775510204081632
-4.408163265306122	4.408163265306122	-4.775510204081632
-4.502394198575567	4.502394198575567	-4.775510204081632
-4.581621289927274	4.581621289927274	-4.775510204081632
-4.646612072084149	4.646612072084149	-4.775510204081632
-4.697957410592052	4.697957410592052	-4.775510204081632
-4.736101127954378	4.736101127954378	-4.775510204081632
-4.761360513115978	4.761360513115978	-4.775510204081632
-4.7739400872533695	4.7739400872533695	-4.775510204081632
-4.7739400872533695	4.7739400872533695	-4.775510204081632
-4.761360513115978	4.761360513115978	-4.775510204081632
-4.736101127954378	4.736101127954378	-4.775510204081632
-4.697957410592052	4.697957410592052	-4.775510204081632
-4.646612072084149	4.646612072084149	-4.775510204081632
-4.581621289927274	4.581621289927274	-4.775510204081632
-4.502394198575567	4.502394198575567	-4.775510204081632
-4.408163265306122	4.408163265306122	-4.775510204081632
-4.297941740763489	4.297941740763489	-4.775510204081632
-4.170461967165648	4.170461967165648	-4.775510204081632
-4.024084095956322	4.024084095956322	-4.775510204081632
-3.856656917883336	3.856656917883336	-4.775510204081632
-3.665297031941819	3.665297031941819	-4.775510204081632
-3.446019741911091	3.446019741911091	-4.775510204081632
-3.1930787290788487	3.1930787290788487	-4.775510204081632
-2.89767173049777	2.89767173049777	-4.775510204081632
-2.545054247856309	2.545054247856309	-4.775510204081632
-2.1066919021328894	2.1066919021328894	-4.775510204081632
-1.50965240889036	1.50965240889036	-4.775510204081632
-0.0	0.0	-4.775510204081632
-0.0	0.0	-4.530612244897959
-1.4693877551020413	1.4693877551020413	-4.530612244897959
-2.0489633302875325	2.0489633302875325	-4.530612244897959
-2.4733481481703046	2.4733481481703046	-4.530612244897959
-2.8136633370798507	2.8136633370798507	-4.530612244897959
-3.0977413813894326	3.0977413813894326	-4.530612244897959
-3.3399628645679647	3.3399628645679647	-4.530612244897959
-3.548908590903536	3.548908590903536	-4.530612244897959
-3.7301745824639547	3.7301745824639547	-4.530612244897959
-3.88763457952348	3.88763457952348	-4.530612244897959
-4.024084095956322	4.024084095956322	-4.530612244897959
-4.141600291907207	4.141600291907207	-4.530612244897959
-4.241757079760516	4.241757079760516	-4.530612244897959
-4.3257604243238434	4.3257604243238434	-4.530612244897959
-4.394536762022782	4.394536762022782	-4.530612244897959
-4.448792357041213	4.448792357041213	-4.530612244897959
-4.489053741997557	4.489053741997557	-4.530612244897959
-4.515695244388353	4.515695244388353	-4.530612244897959
-4.528957226671085	4.528957226671085	-4.530612244897959
-4.528957226671085	4.528957226671085	-4.530612244897959
-4.515695244388353	4.515695244388353	-4.530612244897959
-4.489053741997557	4.489053741997557	-4.530612244897959
-4.448792357041213	4.448792357041213	-4.530612244897959
-4.394536762022782	4.394536762022782	-4.530612244897959
-4.3257604243238434	4.3257604243238434	-4.530612244897959
-4.241757079760516	4.241757079760516	-4.530612244897959
-4.141600291907207	4.141600291907207	-4.530612244897959
-4.024084095956323	4.024084095956323	-4.530612244897959
-3.8876345795234797	3.8876345795234797	-4.530612244897959
-3.730174582463955	3.730174582463955	-4.530612244897959
-3.5489085909035367	3.5489085909035367	-4.530612244897959
-3.3399628645679647	3.3399628645679647	-4.530612244897959
-3.097741381389433	3.097741381389433	-4.530612244897959
-2.813663337079852	2.813663337079852	-4.530612244897959
-2.4733481481703046	2.4733481481703046	-4.530612244897959
-2.0489633302875325	2.0489633302875325	-4.530612244897959
-1.4693877551020438	1.4693877551020438	-4.530612244897959
-0.0	0.0	-4.530612244897959
-0.0	0.0	-4.285714285714286
-1.4279882191457884	1.4279882191457884	-4.285714285714286
-1.9895604256251322	1.9895604256251322	-4.285714285714286
-2.3995001561957663	2.3995001561957663	-4.285714285714286
-2.7270682593453164	2.7270682593453164	-4.285714285714286
-2.999375195244707	2.999375195244707	-4.285714285714286
-3.230425948964796	3.230425948964796	-4.285714285714286
-3.428571428571428	3.428571428571428	-4.285714285714286
-3.5992502342936494	3.5992502342936494	-4.285714285714286
-3.746218418149801	3.746218418149801	-4.285714285714286
-3.872176726736791	3.872176726736791	-4.285714285714286
-3.979120851250266	3.979120851250266	-4.285714285714286
-4.0685504634700775	4.0685504634700775	-4.285714285714286
-4.141600291907207	4.141600291907207	-4.285714285714286
-4.199125273342591	4.199125273342591	-4.285714285714286
-4.241757079760515	4.241757079760515	-4.285714285714286
-4.269941822243925	4.269941822243925	-4.285714285714286
-4.283964657437363	4.283964657437363	-4.285714285714286
-4.283964657437363	4.283964657437363	-4.285714285714286
-4.269941822243925	4.269941822243925	-4.285714285714286
-4.241757079760515	4.241757079760515	-4.285714285714286
-4.199125273342591	4.199125273342591	-4.285714285714286
-4.141600291907207	4.141600291907207	-4.285714285714286
-4.0685504634700775	4.0685504634700775	-4.285714285714286
-3.9791208512502663	3.9791208512502663	-4.285714285714286
-3.872176726736791	3.872176726736791	-4.285714285714286
-3.7462184181498013	3.7462184181498013	-4.285714285714286
-3.599250234293649	3.599250234293649	-4.285714285714286
-3.4285714285714284	3.4285714285714284	-4.285714285714286
-3.2304259489647973	3.2304259489647973	-4.285714285714286
-2.999375195244707	2.999375195244707	-4.285714285714286
-2.727068259345317	2.727068259345317	-4.285714285714286
-2.399500156195767	2.399500156195767	-4.285714285714286
-1.9895604256251322	1.9895604256251322	-4.285714285714286
-1.4279882191457884	1.4279882191457884	-4.285714285714286
-8.429369702178807e-08	8.429369702178807e-08	-4.285714285714286
-0.0	0.0	-4.040816326530612
-1.385352061100173	1.385352061100173	-4.040816326530612
-1.9283284589416674	1.9283284589416674	-4.040816326530612
-2.323306036042074	2.323306036042074	-4.040816326530612
-2.63763174226996	2.63763174226996	-4.040816326530612
-2.89767173049777	2.89767173049777	-4.040816326530612
-3.1170421374753925	3.1170421374753925	-4.040816326530612
-3.3038540971180503	3.3038540971180503	-4.040816326530612
-3.463380152750436	3.463380152750436	-4.040816326530612
-3.599250234293649	3.599250234293649	-4.040816326530612
-3.714061441984432	3.714061441984432	-4.040816326530612
-3.80971816802548	3.80971816802548	-4.040816326530612
-3.8876345795234797	3.8876345795234797	-4.040816326530612
-3.9488609379421464	3.9488609379421464	-4.040816326530612
-3.9941648400734913	3.9941648400734913	-4.040816326530612
-4.024084095956322	4.024084095956322	-4.040816326530612
-4.0389606128499524	4.0389606128499524	-4.040816326530612
-4.0389606128499524	4.0389606128499524	-4.040816326530612
-4.024084095956322	4.024084095956322	-4.040816326530612
-3.9941648400734913	3.9941648400734913	-4.040816326530612
-3.9488609379421464	3.9488609379421464	-4.040816326530612
-3.8876345795234797	3.8876345795234797	-4.040816326530612
-3.80971816802548	3.80971816802548	-4.040816326530612
-3.7140614419844327	3.7140614419844327	-4.040816326530612
-3.599250234293649	3.599250234293649	-4.040816326530612
-3.4633801527504366	3.4633801527504366	-4.040816326530612
-3.3038540971180503	3.3038540971180503	-4.040816326530612
-3.117042137475393	3.117042137475393	-4.040816326530612
-2.8976717304977715	2.8976717304977715	-4.040816326530612
-2.63763174226996	2.63763174226996	-4.040816326530612
-2.3233060360420743	2.3233060360420743	-4.040816326530612
-1.9283284589416687	1.9283284589416687	-4.040816326530612
-1.385352061100173	1.385352061100173	-4.040816326530612
-0.0	0.0	-4.040816326530612
-0.0	0.0	-3.795918367346939
-1.341361365318775	1.341361365318775	-3.795918367346939
-1.8650872912319776	1.8650872912319776	-3.795918367346939
-2.2445268709987785	2.2445268709987785	-3.795918367346939
-2.5450542478563096	2.5450542478563096	-3.795918367346939
-2.7922663471815623	2.7922663471815623	-3.795918367346939
-2.999375195244708	2.999375195244708	-3.795918367346939
-3.1742403420773195	3.1742403420773195	-3.795918367346939
-3.321957542755234	3.321957542755234	-3.795918367346939
-3.446019741911091	3.446019741911091	-3.795918367346939
-3.548908590903536	3.548908590903536	-3.795918367346939
-3.6324237487815494	3.6324237487815494	-3.795918367346939
-3.6978780907448567	3.6978780907448567	-3.795918367346939
-3.7462184181498013	3.7462184181498013	-3.795918367346939
-3.7781017029897583	3.7781017029897583	-3.795918367346939
-3.7939428697542046	3.7939428697542046	-3.795918367346939
-3.7939428697542046	3.7939428697542046	-3.795918367346939
-3.7781017029897583	3.7781017029897583	-3.795918367346939
-3.7462184181498013	3.7462184181498013	-3.795918367346939
-3.697878090744857	3.697878090744857	-3.795918367346939
-3.6324237487815494	3.6324237487815494	-3.795918367346939
-3.548908590903536	3.548908590903536	-3.795918367346939
-3.4460197419110914	3.4460197419110914	-3.795918367346939
-3.321957542755234	3.321957542755234	-3.795918367346939
-3.17424034207732	3.17424034207732	-3.795918367346939
-2.9993751952447076	2.9993751952447076	-3.795918367346939
-2.7922663471815627	2.7922663471815627	-3.795918367346939
-2.545054247856311	2.545054247856311	-3.795918367346939
-2.2445268709987785	2.2445268709987785	-3.795918367346939
-1.8650872912319785	1.8650872912319785	-3.795918367346939
-1.341361365318777	1.341361365318777	-3.795918367346939
-0.0	0.0	-3.795918367346939
-0.0	0.0	-3.5510204081632653
-1.2958781931744927	1.2958781931744927	-3.5510204081632653
-1.799625117146824	1.799625117146824	-3.5510204081632653
-2.1628802121619213	2.1628802121619213	-3.5510204081632653
-2.4489795918367343	2.4489795918367343	-3.5510204081632653
-2.6827227306375483	2.6827227306375483	-3.5510204081632653
-2.8768996223193626	2.8768996223193626	-3.5510204081632653
-3.039103750038577	3.039103750038577	-3.5510204081632653
-3.1742403420773186	3.1742403420773186	-3.5510204081632653
-3.2856509057139767	3.2856509057139767	-3.5510204081632653
-3.375685408675156	3.375685408675156	-3.5510204081632653
-3.446019741911091	3.446019741911091	-3.5510204081632653
-3.4978424956128245	3.4978424956128245	-3.5510204081632653
-3.5319685963728875	3.5319685963728875	-3.5510204081632653
-3.548908590903536	3.548908590903536	-3.5510204081632653
-3.548908590903536	3.548908590903536	-3.5510204081632653
-3.5319685963728875	3.5319685963728875	-3.5510204081632653
-3.4978424956128245	3.4978424956128245	-3.5510204081632653
-3.446019741911091	3.446019741911091	-3.5510204081632653
-3.375685408675156	3.375685408675156	-3.5510204081632653
-3.2856509057139767	3.2856509057139767	-3.5510204081632653
-3.1742403420773195	3.1742403420773195	-3.5510204081632653
-3.039103750038577	3.039103750038577	-3.5510204081632653
-2.876899622319363	2.876899622319363	-3.5510204081632653
-2.682722730637548	2.682722730637548	-3.5510204081632653
-2.4489795918367347	2.4489795918367347	-3.5510204081632653
-2.1628802121619226	2.1628802121619226	-3.5510204081632653
-1.799625117146824	1.799625117146824	-3.5510204081632653
-1.295878193174494	1.295878193174494	-3.5510204081632653
-7.300048299977713e-08	7.300048299977713e-08	-3.5510204081632653
-0.0	0.0	-3.306122448979592
-1.2487394727166001	1.2487394727166001	-3.306122448979592
-1.7316900763752188	1.7316900763752188	-3.306122448979592
-2.0780280916502623	2.0780280916502623	-3.306122448979592
-2.3489787052960263	2.3489787052960263	-3.306122448979592
-2.5685114649064937	2.5685114649064937	-3.306122448979592
-2.7489727739563654	2.7489727739563654	-3.306122448979592
-2.897671730497771	2.897671730497771	-3.306122448979592
-3.019304817780723	3.019304817780723	-3.306122448979592
-3.1170421374753934	3.1170421374753934	-3.306122448979592
-3.1930787290788483	3.1930787290788483	-3.306122448979592
-3.248938570144065	3.248938570144065	-3.306122448979592
-3.285650905713977	3.285650905713977	-3.306122448979592
-3.3038540971180512	3.3038540971180512	-3.306122448979592
-3.3038540971180512	3.3038540971180512	-3.306122448979592
-3.285650905713977	3.285650905713977	-3.306122448979592
-3.248938570144065	3.248938570144065	-3.306122448979592
-3.1930787290788487	3.1930787290788487	-3.306122448979592
-3.1170421374753934	3.1170421374753934	-3.306122448979592
-3.019304817780723	3.019304817780723	-3.306122448979592
-2.8976717304977715	2.8976717304977715	-3.306122448979592
-2.7489727739563654	2.7489727739563654	-3.306122448979592
-2.568511464906494	2.568511464906494	-3.306122448979592
-2.348978705296026	2.348978705296026	-3.306122448979592
-2.0780280916502627	2.0780280916502627	-3.306122448979592
-1.73169007637522	1.73169007637522	-3.306122448979592
-1.2487394727166001	1.2487394727166001	-3.306122448979592
-5.960464477539063e-08	5.960464477539063e-08	-3.306122448979592
-0.0	0.0	-3.0612244897959187
-1.1997500780978838	1.1997500780978838	-3.0612244897959187
-1.660978771377617	1.660978771377617	-3.0612244897959187
-1.9895604256251338	1.9895604256251338	-3.0612244897959187
-2.244526870998779	2.244526870998779	-3.0612244897959187
-2.448979591836735	2.448979591836735	-3.0612244897959187
-2.6147946739668515	2.6147946739668515	-3.0612244897959187
-2.7489727739563654	2.7489727739563654	-3.0612244897959187
-2.855976438291576	2.855976438291576	-3.0612244897959187
-2.938775510204082	2.938775510204082	-3.0612244897959187
-2.999375195244708	2.999375195244708	-3.0612244897959187
-3.0391037500385774	3.0391037500385774	-3.0612244897959187
-3.058774529827787	3.058774529827787	-3.0612244897959187
-3.058774529827787	3.058774529827787	-3.0612244897959187
-3.0391037500385774	3.0391037500385774	-3.0612244897959187
-2.999375195244708	2.999375195244708	-3.0612244897959187
-2.938775510204082	2.938775510204082	-3.0612244897959187
-2.855976438291576	2.855976438291576	-3.0612244897959187
-2.7489727739563654	2.7489727739563654	-3.0612244897959187
-2.6147946739668524	2.6147946739668524	-3.0612244897959187
-2.448979591836735	2.448979591836735	-3.0612244897959187
-2.24452687099878	2.24452687099878	-3.0612244897959187
-1.9895604256251331	1.9895604256251331	-3.0612244897959187
-1.6609787713776176	1.6609787713776176	-3.0612244897959187
-1.199750078097886	1.199750078097886	-3.0612244897959187
-0.0	0.0	-3.0612244897959187
-0.0	0.0	-2.816326530612245
-1.1486732473036967	1.1486732473036967	-2.816326530612245
-1.5871201710386598	1.5871201710386598	-2.816326530612245
-1.896971434877102	1.896971434877102	-2.816326530612245
-2.134970911121963	2.134970911121963	-2.816326530612245
-2.3233060360420743	2.3233060360420743	-2.816326530612245
-2.473348148170305	2.473348148170305	-2.816326530612245
-2.5917563863489868	2.5917563863489868	-2.816326530612245
-2.6827227306375483	2.6827227306375483	-2.816326530612245
-2.748972773956365	2.748972773956365	-2.816326530612245
-2.7922663471815623	2.7922663471815623	-2.816326530612245
-2.8136633370798507	2.8136633370798507	-2.816326530612245
-2.8136633370798507	2.8136633370798507	-2.816326530612245
-2.7922663471815623	2.7922663471815623	-2.816326530612245
-2.748972773956365	2.748972773956365	-2.816326530612245
-2.6827227306375487	2.6827227306375487	-2.816326530612245
-2.5917563863489868	2.5917563863489868	-2.816326530612245
-2.473348148170305	2.473348148170305	-2.816326530612245
-2.323306036042075	2.323306036042075	-2.816326530612245
-2.134970911121963	2.134970911121963	-2.816326530612245
-1.896971434877103	1.896971434877103	-2.816326530612245
-1.5871201710386593	1.5871201710386593	-2.816326530612245
-1.1486732473036978	1.1486732473036978	-2.816326530612245
-7.300048299977713e-08	7.300048299977713e-08	-2.816326530612245
-0.0	0.0	-2.5714285714285716
-1.0952169685713262	1.0952169685713262	-2.5714285714285716
-1.5096524088903618	1.5096524088903618	-2.5714285714285716
-1.7996251171468252	1.7996251171468252	-2.5714285714285716
-2.0194803064249762	2.0194803064249762	-2.5714285714285716
-2.190433937142651	2.190433937142651	-2.5714285714285716
-2.3233060360420748	2.3233060360420748	-2.5714285714285716
-2.424366106925306	2.424366106925306	-2.5714285714285716
-2.4974789454332007	2.4974789454332007	-2.5714285714285716
-2.5450542478563096	2.5450542478563096	-2.5714285714285716
-2.5685114649064937	2.5685114649064937	-2.5714285714285716
-2.5685114649064937	2.5685114649064937	-2.5714285714285716
-2.5450542478563096	2.5450542478563096	-2.5714285714285716
-2.4974789454332007	2.4974789454332007	-2.5714285714285716
-2.4243661069253064	2.4243661069253064	-2.5714285714285716
-2.3233060360420748	2.3233060360420748	-2.5714285714285716
-2.190433937142651	2.190433937142651	-2.5714285714285716
-2.019480306424977	2.019480306424977	-2.5714285714285716
-1.7996251171468252	1.7996251171468252	-2.5714285714285716
-1.509652408890363	1.509652408890363	-2.5714285714285716
-1.0952169685713253	1.0952169685713253	-2.5714285714285716
-5.1619136559035694e-08	5.1619136559035694e-08	-2.5714285714285716
-0.0	0.0	-2.326530612244898
-1.0390140458251307	1.0390140458251307	-2.326530612244898
-1.427988219145788	1.427988219145788	-2.326530612244898
-1.6967028319042057	1.6967028319042057	-2.326530612244898
-1.896971434877102	1.896971434877102	-2.326530612244898
-2.0489633302875316	2.0489633302875316	-2.326530612244898
-2.1628802121619213	2.1628802121619213	-2.326530612244898
-2.2445268709987785	2.2445268709987785	-2.326530612244898
-2.297346494607394	2.297346494607394	-2.326530612244898
-2.3233060360420743	2.3233060360420743	-2.326530612244898
-2.3233060360420748	2.3233060360420748	-2.326530612244898
-2.297346494607394	2.297346494607394	-2.326530612244898
-2.2445268709987785	2.2445268709987785	-2.326530612244898
-2.1628802121619217	2.1628802121619217	-2.326530612244898
-2.0489633302875316	2.0489633302875316	-2.326530612244898
-1.896971434877102	1.896971434877102	-2.326530612244898
-1.6967028319042068	1.6967028319042068	-2.326530612244898
-1.427988219145788	1.427988219145788	-2.326530612244898
-1.0390140458251322	1.0390140458251322	-2.326530612244898
-0.0	0.0	-2.0816326530612246
-0.9795918367346945	0.9795918367346945	-2.0816326530612246
-1.3413613653187737	1.3413613653187737	-2.0816326530612246
-1.5871201710386598	1.5871201710386598	-2.0816326530612246
-1.765984298186444	1.765984298186444	-2.0816326530612246
-1.896971434877102	1.896971434877102	-2.0816326530612246
-1.9895604256251331	1.9895604256251331	-2.0816326530612246
-2.048963330287532	2.048963330287532	-2.0816326530612246
-2.0780280916502623	2.0780280916502623	-2.0816326530612246
-2.0780280916502623	2.0780280916502623	-2.0816326530612246
-2.048963330287532	2.048963330287532	-2.0816326530612246
-1.9895604256251331	1.9895604256251331	-2.0816326530612246
-1.8969714348771025	1.8969714348771025	-2.0816326530612246
-1.765984298186444	1.765984298186444	-2.0816326530612246
-1.5871201710386598	1.5871201710386598	-2.0816326530612246
-1.341361365318775	1.341361365318775	-2.0816326530612246
-0.9795918367346945	0.9795918367346945	-2.0816326530612246
-5.960464477539063e-08	5.960464477539063e-08	-2.0816326530612246
-0.0	0.0	-1.8367346938775508
-0.9163242579854538	0.9163242579854538	-1.8367346938775508
-1.2487394727166	1.2487394727166	-1.8367346938775508
-1.4693877551020407	1.4693877551020407	-1.8367346938775508
-1.6244692850720321	1.6244692850720321	-1.8367346938775508
-1.731690076375218	1.731690076375218	-1.8367346938775508
-1.7996251171468245	1.7996251171468245	-1.8367346938775508
-1.8326485159709098	1.8326485159709098	-1.8367346938775508
-1.8326485159709098	1.8326485159709098	-1.8367346938775508
-1.7996251171468245	1.7996251171468245	-1.8367346938775508
-1.731690076375218	1.731690076375218	-1.8367346938775508
-1.6244692850720326	1.6244692850720326	-1.8367346938775508
-1.4693877551020407	1.4693877551020407	-1.8367346938775508
-1.2487394727166	1.2487394727166	-1.8367346938775508
-0.9163242579854555	0.9163242579854555	-1.8367346938775508
-0.0	0.0	-1.8367346938775508
-0.0	0.0	-1.591836734693878
-0.8483514159521038	0.8483514159521038	-1.591836734693878
-1.1486732473036978	1.1486732473036978	-1.591836734693878
-1.3413613653187744	1.3413613653187744	-1.591836734693878
-1.4693877551020413	1.4693877551020413	-1.591836734693878
-1.548870690694717	1.548870690694717	-1.591836734693878
-1.5871201710386602	1.5871201710386602	-1.591836734693878
-1.5871201710386602	1.5871201710386602	-1.591836734693878
-1.548870690694717	1.548870690694717	-1.591836734693878
-1.4693877551020413	1.4693877551020413	-1.591836734693878
-1.341361365318775	1.341361365318775	-1.591836734693878
-1.1486732473036978	1.1486732473036978	-1.591836734693878
-0.8483514159521038	0.8483514159521038	-1.591836734693878
-5.5755039852469285e-08	5.5755039852469285e-08	-1.591836734693878
-0.0	0.0	-1.3469387755102042
-0.7744353453473587	0.7744353453473587	-1.3469387755102042
-1.039014045825131	1.039014045825131	-1.3469387755102042
-1.1997500780978831	1.1997500780978831	-1.3469387755102042
-1.2958781931744936	1.2958781931744936	-1.3469387755102042
-1.3413613653187744	1.3413613653187744	-1.3469387755102042
-1.3413613653187744	1.3413613653187744	-1.3469387755102042
-1.2958781931744936	1.2958781931744936	-1.3469387755102042
-1.1997500780978831	1.1997500780978831	-1.3469387755102042
-1.0390140458251316	1.0390140458251316	-1.3469387755102042
-0.7744353453473587	0.7744353453473587	-1.3469387755102042
-0.0	0.0	-1.3469387755102042
-0.0	0.0	-1.1020408163265305
-0.6926760305500865	0.6926760305500865	-1.1020408163265305
-0.9163242579854547	0.9163242579854547	-1.1020408163265305
-1.039014045825131	1.039014045825131	-1.1020408163265305
-1.0952169685713253	1.0952169685713253	-1.1020408163265305
-1.0952169685713256	1.0952169685713256	-1.1020408163265305
-1.039014045825131	1.039014045825131	-1.1020408163265305
-0.9163242579854547	0.9163242579854547	-1.1020408163265305
-0.6926760305500876	0.6926760305500876	-1.1020408163265305
-0.0	0.0	-1.1020408163265305
-0.0	0.0	-0.8571428571428577
-0.599875039048942	0.599875039048942	-0.8571428571428577
-0.7744353453473587	0.7744353453473587	-0.8571428571428577
-0.8483514159521035	0.8483514159521035	-0.8571428571428577
-0.8483514159521037	0.8483514159521037	-0.8571428571428577
-0.7744353453473587	0.7744353453473587	-0.8571428571428577
-0.599875039048942	0.599875039048942	-0.8571428571428577
-3.7990655851310376e-08	3.7990655851310376e-08	-0.8571428571428577
-0.0	0.0	-0.6122448979591839
-0.48979591836734726	0.48979591836734726	-0.6122448979591839
-0.5998750390489417	0.5998750390489417	-0.6122448979591839
-0.5998750390489418	0.5998750390489418	-0.6122448979591839
-0.48979591836734726	0.48979591836734726	-0.6122448979591839
-0.0	0.0	-0.6122448979591839
-0.0	0.0	-0.36734693877551017
-0.34633801527504343	0.34633801527504343	-0.36734693877551017
-0.34633801527504376	0.34633801527504376	-0.36734693877551017
-0.0	0.0	-0.36734693877551017
-0.0	0.0	-0.12244897959183731
-1.4725502860585131e-08	1.4725502860585131e-08	-0.12244897959183731
-0.0	0.0	0.12244897959183643
-0.0	0.0	0.36734693877551017
-0.34633801527504343	0.34633801527504343	0.36734693877551017
-0.34633801527504376	0.34633801527504376	0.36734693877551017
-0.0	0.0	0.36734693877551017
-0.0	0.0	0.6122448979591839
-0.48979591836734726	0.48979591836734726	0.6122448979591839
-0.5998750390489417	0.5998750390489417	0.6122448979591839
-0.5998750390489418	0.5998750390489418	0.6122448979591839
-0.48979591836734726	0.48979591836734726	0.6122448979591839
-0.0	0.0	0.6122448979591839
-0.5998750390489408	0.5998750390489408	0.8571428571428568
-0.7744353453473578	0.7744353453473578	0.8571428571428568
-0.8483514159521027	0.8483514159521027	0.8571428571428568
-0.8483514159521028	0.8483514159521028	0.8571428571428568
-0.7744353453473578	0.7744353453473578	0.8571428571428568
-0.5998750390489408	0.5998750390489408	0.8571428571428568
-0.0	0.0	0.8571428571428568
-0.0	0.0	1.1020408163265305
-0.6926760305500865	0.6926760305500865	1.1020408163265305
-0.9163242579854547	0.9163242579854547	1.1020408163265305
-1.039014045825131	1.039014045825131	1.1020408163265305
-1.0952169685713253	1.0952169685713253	1.1020408163265305
-1.0952169685713256	1.0952169685713256	1.1020408163265305
-1.039014045825131	1.039014045825131	1.1020408163265305
-0.9163242579854547	0.9163242579854547	1.1020408163265305
-0.6926760305500876	0.6926760305500876	1.1020408163265305
-0.0	0.0	1.1020408163265305
-0.0	0.0	1.3469387755102042
-0.7744353453473587	0.7744353453473587	1.3469387755102042
-1.039014045825131	1.039014045825131	1.3469387755102042
-1.1997500780978831	1.1997500780978831	1.3469387755102042
-1.2958781931744936	1.2958781931744936	1.3469387755102042
-1.3413613653187744	1.3413613653187744	1.3469387755102042
-1.3413613653187744	1.3413613653187744	1.3469387755102042
-1.2958781931744936	1.2958781931744936	1.3469387755102042
-1.1997500780978831	1.1997500780978831	1.3469387755102042
-1.0390140458251316	1.0390140458251316	1.3469387755102042
-0.7744353453473587	0.7744353453473587	1.3469387755102042
-0.0	0.0	1.3469387755102042
-0.8483514159521021	0.8483514159521021	1.591836734693877
-1.1486732473036965	1.1486732473036965	1.591836734693877
-1.3413613653187733	1.3413613653187733	1.591836734693877
-1.4693877551020402	1.4693877551020402	1.591836734693877
-1.5488706906947158	1.5488706906947158	1.591836734693877
-1.587120171038659	1.587120171038659	1.591836734693877
-1.587120171038659	1.587120171038659	1.591836734693877
-1.5488706906947158	1.5488706906947158	1.591836734693877
-1.4693877551020402	1.4693877551020402	1.591836734693877
-1.3413613653187737	1.3413613653187737	1.591836734693877
-1.1486732473036965	1.1486732473036965	1.591836734693877
-0.8483514159521021	0.8483514159521021	1.591836734693877
-0.0	0.0	1.591836734693877
-0.0	0.0	1.8367346938775508
-0.9163242579854538	0.9163242579854538	1.8367346938775508
-1.2487394727166	1.2487394727166	1.8367346938775508
-1.4693877551020407	1.4693877551020407	1.8367346938775508
-1.6244692850720321	1.6244692850720321	1.8367346938775508
-1.731690076375218	1.731690076375218	1.8367346938775508
-1.7996251171468245	1.7996251171468245	1.8367346938775508
-1.8326485159709098	1.8326485159709098	1.8367346938775508
-1.8326485159709098	1.8326485159709098	1.8367346938775508
-1.7996251171468245	1.7996251171468245	1.8367346938775508
-1.731690076375218	1.731690076375218	1.8367346938775508
-1.6244692850720326	1.6244692850720326	1.8367346938775508
-1.4693877551020407	1.4693877551020407	1.8367346938775508
-1.2487394727166	1.2487394727166	1.8367346938775508
-0.9163242579854555	0.9163242579854555	1.8367346938775508
-0.0	0.0	1.8367346938775508
-0.9795918367346927	0.9795918367346927	2.0816326530612237
-1.3413613653187724	1.3413613653187724	2.0816326530612237
-1.5871201710386587	1.5871201710386587	2.0816326530612237
-1.765984298186443	1.765984298186443	2.0816326530612237
-1.8969714348771012	1.8969714348771012	2.0816326530612237
-1.9895604256251322	1.9895604256251322	2.0816326530612237
-2.048963330287531	2.048963330287531	2.0816326530612237
-2.0780280916502614	2.0780280916502614	2.0816326530612237
-2.0780280916502614	2.0780280916502614	2.0816326530612237
-2.048963330287531	2.048963330287531	2.0816326530612237
-1.9895604256251322	1.9895604256251322	2.0816326530612237
-1.8969714348771014	1.8969714348771014	2.0816326530612237
-1.765984298186443	1.765984298186443	2.0816326530612237
-1.5871201710386587	1.5871201710386587	2.0816326530612237
-1.3413613653187737	1.3413613653187737	2.0816326530612237
-0.9795918367346927	0.9795918367346927	2.0816326530612237
-0.0	0.0	2.0816326530612237
-4.2146848510894035e-08	4.2146848510894035e-08	2.3265306122448983
-1.0390140458251316	1.0390140458251316	2.3265306122448983
-1.4279882191457887	1.4279882191457887	2.3265306122448983
-1.6967028319042063	1.6967028319042063	2.3265306122448983
-1.8969714348771025	1.8969714348771025	2.3265306122448983
-2.048963330287532	2.048963330287532	2.3265306122448983
-2.1628802121619217	2.1628802121619217	2.3265306122448983
-2.244526870998779	2.244526870998779	2.3265306122448983
-2.2973464946073943	2.2973464946073943	2.3265306122448983
-2.3233060360420748	2.3233060360420748	2.3265306122448983
-2.323306036042075	2.323306036042075	2.3265306122448983
-2.2973464946073943	2.2973464946073943	2.3265306122448983
-2.244526870998779	2.244526870998779	2.3265306122448983
-2.162880212161922	2.162880212161922	2.3265306122448983
-2.048963330287532	2.048963330287532	2.3265306122448983
-1.8969714348771025	1.8969714348771025	2.3265306122448983
-1.6967028319042072	1.6967028319042072	2.3265306122448983
-1.4279882191457887	1.4279882191457887	2.3265306122448983
-1.0390140458251331	1.0390140458251331	2.3265306122448983
-0.0	0.0	2.3265306122448983
-1.095216968571325	1.095216968571325	2.571428571428571
-1.509652408890361	1.509652408890361	2.571428571428571
-1.7996251171468245	1.7996251171468245	2.571428571428571
-2.019480306424976	2.019480306424976	2.571428571428571
-2.1904339371426507	2.1904339371426507	2.571428571428571
-2.3233060360420743	2.3233060360420743	2.571428571428571
-2.4243661069253055	2.4243661069253055	2.571428571428571
-2.4974789454332003	2.4974789454332003	2.571428571428571
-2.545054247856309	2.545054247856309	2.571428571428571
-2.5685114649064933	2.5685114649064933	2.571428571428571
-2.5685114649064933	2.5685114649064933	2.571428571428571
-2.545054247856309	2.545054247856309	2.571428571428571
-2.4974789454332003	2.4974789454332003	2.571428571428571
-2.4243661069253055	2.4243661069253055	2.571428571428571
-2.3233060360420743	2.3233060360420743	2.571428571428571
-2.1904339371426507	2.1904339371426507	2.571428571428571
-2.0194803064249767	2.0194803064249767	2.571428571428571
-1.7996251171468245	1.7996251171468245	2.571428571428571
-1.509652408890362	1.509652408890362	2.571428571428571
-1.0952169685713242	1.0952169685713242	2.571428571428571
-0.0	0.0	2.571428571428571
-1.1486732473036945	1.1486732473036945	2.816326530612244
-1.5871201710386582	1.5871201710386582	2.816326530612244
-1.8969714348771007	1.8969714348771007	2.816326530612244
-2.1349709111219615	2.1349709111219615	2.816326530612244
-2.3233060360420734	2.3233060360420734	2.816326530612244
-2.4733481481703037	2.4733481481703037	2.816326530612244
-2.591756386348986	2.591756386348986	2.816326530612244
-2.6827227306375474	2.6827227306375474	2.816326530612244
-2.748972773956364	2.748972773956364	2.816326530612244
-2.7922663471815614	2.7922663471815614	2.816326530612244
-2.81366333707985	2.81366333707985	2.816326530612244
-2.81366333707985	2.81366333707985	2.816326530612244
-2.7922663471815614	2.7922663471815614	2.816326530612244
-2.748972773956364	2.748972773956364	2.816326530612244
-2.6827227306375474	2.6827227306375474	2.816326530612244
-2.591756386348986	2.591756386348986	2.816326530612244
-2.4733481481703037	2.4733481481703037	2.816326530612244
-2.323306036042074	2.323306036042074	2.816326530612244
-2.1349709111219615	2.1349709111219615	2.816326530612244
-1.8969714348771016	1.8969714348771016	2.816326530612244
-1.5871201710386575	1.5871201710386575	2.816326530612244
-1.1486732473036956	1.1486732473036956	2.816326530612244
-0.0	0.0	2.816326530612244
-0.0	0.0	3.0612244897959187
-1.1997500780978838	1.1997500780978838	3.0612244897959187
-1.660978771377617	1.660978771377617	3.0612244897959187
-1.9895604256251338	1.9895604256251338	3.0612244897959187
-2.244526870998779	2.244526870998779	3.0612244897959187
-2.448979591836735	2.448979591836735	3.0612244897959187
-2.6147946739668515	2.6147946739668515	3.0612244897959187
-2.7489727739563654	2.7489727739563654	3.0612244897959187
-2.855976438291576	2.855976438291576	3.0612244897959187
-2.938775510204082	2.938775510204082	3.0612244897959187
-2.999375195244708	2.999375195244708	3.0612244897959187
-3.0391037500385774	3.0391037500385774	3.0612244897959187
-3.058774529827787	3.058774529827787	3.0612244897959187
-3.058774529827787	3.058774529827787	3.0612244897959187
-3.0391037500385774	3.0391037500385774	3.0612244897959187
-2.999375195244708	2.999375195244708	3.0612244897959187
-2.938775510204082	2.938775510204082	3.0612244897959187
-2.855976438291576	2.855976438291576	3.0612244897959187
-2.7489727739563654	2.7489727739563654	3.0612244897959187
-2.6147946739668524	2.6147946739668524	3.0612244897959187
-2.448979591836735	2.448979591836735	3.0612244897959187
-2.24452687099878	2.24452687099878	3.0612244897959187
-1.9895604256251331	1.9895604256251331	3.0612244897959187
-1.6609787713776176	1.6609787713776176	3.0612244897959187
-1.199750078097886	1.199750078097886	3.0612244897959187
-0.0	0.0	3.0612244897959187
-1.2487394727165986	1.2487394727165986	3.3061224489795915
-1.7316900763752177	1.7316900763752177	3.3061224489795915
-2.0780280916502614	2.0780280916502614	3.3061224489795915
-2.3489787052960254	2.3489787052960254	3.3061224489795915
-2.568511464906493	2.568511464906493	3.3061224489795915
-2.748972773956365	2.748972773956365	3.3061224489795915
-2.89767173049777	2.89767173049777	3.3061224489795915
-3.0193048177807227	3.0193048177807227	3.3061224489795915
-3.117042137475393	3.117042137475393	3.3061224489795915
-3.193078729078848	3.193078729078848	3.3061224489795915
-3.2489385701440647	3.2489385701440647	3.3061224489795915
-3.2856509057139767	3.2856509057139767	3.3061224489795915
-3.3038540971180503	3.3038540971180503	3.3061224489795915
-3.3038540971180503	3.3038540971180503	3.3061224489795915
-3.2856509057139767	3.2856509057139767	3.3061224489795915
-3.2489385701440647	3.2489385701440647	3.3061224489795915
-3.193078729078848	3.193078729078848	3.3061224489795915
-3.117042137475393	3.117042137475393	3.3061224489795915
-3.0193048177807227	3.0193048177807227	3.3061224489795915
-2.897671730497771	2.897671730497771	3.3061224489795915
-2.748972773956365	2.748972773956365	3.3061224489795915
-2.5685114649064937	2.5685114649064937	3.3061224489795915
-2.348978705296025	2.348978705296025	3.3061224489795915
-2.078028091650262	2.078028091650262	3.3061224489795915
-1.7316900763752192	1.7316900763752192	3.3061224489795915
-1.2487394727165986	1.2487394727165986	3.3061224489795915
-0.0	0.0	3.3061224489795915
-1.2958781931744905	1.2958781931744905	3.5510204081632644
-1.7996251171468225	1.7996251171468225	3.5510204081632644
-2.1628802121619204	2.1628802121619204	3.5510204081632644
-2.4489795918367334	2.4489795918367334	3.5510204081632644
-2.6827227306375474	2.6827227306375474	3.5510204081632644
-2.8768996223193612	2.8768996223193612	3.5510204081632644
-3.0391037500385765	3.0391037500385765	3.5510204081632644
-3.174240342077318	3.174240342077318	3.5510204081632644
-3.2856509057139758	3.2856509057139758	3.5510204081632644
-3.3756854086751553	3.3756854086751553	3.5510204081632644
-3.44601974191109	3.44601974191109	3.5510204081632644
-3.4978424956128236	3.4978424956128236	3.5510204081632644
-3.5319685963728866	3.5319685963728866	3.5510204081632644
-3.548908590903535	3.548908590903535	3.5510204081632644
-3.548908590903535	3.548908590903535	3.5510204081632644
-3.5319685963728866	3.5319685963728866	3.5510204081632644
-3.4978424956128236	3.4978424956128236	3.5510204081632644
-3.44601974191109	3.44601974191109	3.5510204081632644
-3.3756854086751553	3.3756854086751553	3.5510204081632644
-3.2856509057139758	3.2856509057139758	3.5510204081632644
-3.1742403420773186	3.1742403420773186	3.5510204081632644
-3.0391037500385765	3.0391037500385765	3.5510204081632644
-2.876899622319362	2.876899622319362	3.5510204081632644
-2.682722730637547	2.682722730637547	3.5510204081632644
-2.448979591836734	2.448979591836734	3.5510204081632644
-2.1628802121619213	2.1628802121619213	3.5510204081632644
-1.7996251171468225	1.7996251171468225	3.5510204081632644
-1.2958781931744918	1.2958781931744918	3.5510204081632644
-0.0	0.0	3.5510204081632644
-0.0	0.0	3.795918367346939
-1.341361365318775	1.341361365318775	3.795918367346939
-1.8650872912319776	1.8650872912319776	3.795918367346939
-2.2445268709987785	2.2445268709987785	3.795918367346939
-2.5450542478563096	2.5450542478563096	3.795918367346939
-2.7922663471815623	2.7922663471815623	3.795918367346939
-2.999375195244708	2.999375195244708	3.795918367346939
-3.1742403420773195	3.1742403420773195	3.795918367346939
-3.321957542755234	3.321957542755234	3.795918367346939
-3.446019741911091	3.446019741911091	3.795918367346939
-3.548908590903536	3.548908590903536	3.795918367346939
-3.6324237487815494	3.6324237487815494	3.795918367346939
-3.6978780907448567	3.6978780907448567	3.795918367346939
-3.7462184181498013	3.7462184181498013	3.795918367346939
-3.7781017029897583	3.7781017029897583	3.795918367346939
-3.7939428697542046	3.7939428697542046	3.795918367346939
-3.7939428697542046	3.7939428697542046	3.795918367346939
-3.7781017029897583	3.7781017029897583	3.795918367346939
-3.7462184181498013	3.7462184181498013	3.795918367346939
-3.697878090744857	3.697878090744857	3.795918367346939
-3.6324237487815494	3.6324237487815494	3.795918367346939
-3.548908590903536	3.548908590903536	3.795918367346939
-3.4460197419110914	3.4460197419110914	3.795918367346939
-3.321957542755234	3.321957542755234	3.795918367346939
-3.17424034207732	3.17424034207732	3.795918367346939
-2.9993751952447076	2.9993751952447076	3.795918367346939
-2.7922663471815627	2.7922663471815627	3.795918367346939
-2.545054247856311	2.545054247856311	3.795918367346939
-2.2445268709987785	2.2445268709987785	3.795918367346939
-1.8650872912319785	1.8650872912319785	3.795918367346939
-1.341361365318777	1.341361365318777	3.795918367346939
-0.0	0.0	3.795918367346939
-0.0	0.0	4.040816326530612
-1.385352061100173	1.385352061100173	4.040816326530612
-1.9283284589416674	1.9283284589416674	4.040816326530612
-2.323306036042074	2.323306036042074	4.040816326530612
-2.63763174226996	2.63763174226996	4.040816326530612
-2.89767173049777	2.89767173049777	4.040816326530612
-3.1170421374753925	3.1170421374753925	4.040816326530612
-3.3038540971180503	3.3038540971180503	4.040816326530612
-3.463380152750436	3.463380152750436	4.040816326530612
-3.599250234293649	3.599250234293649	4.040816326530612
-3.714061441984432	3.714061441984432	4.040816326530612
-3.80971816802548	3.80971816802548	4.040816326530612
-3.8876345795234797	3.8876345795234797	4.040816326530612
-3.9488609379421464	3.9488609379421464	4.040816326530612
-3.9941648400734913	3.9941648400734913	4.040816326530612
-4.024084095956322	4.024084095956322	4.040816326530612
-4.0389606128499524	4.0389606128499524	4.040816326530612
-4.0389606128499524	4.0389606128499524	4.040816326530612
-4.024084095956322	4.024084095956322	4.040816326530612
-3.9941648400734913	3.9941648400734913	4.040816326530612
-3.9488609379421464	3.9488609379421464	4.040816326530612
-3.8876345795234797	3.8876345795234797	4.040816326530612
-3.80971816802548	3.80971816802548	4.040816326530612
-3.7140614419844327	3.7140614419844327	4.040816326530612
-3.599250234293649	3.599250234293649	4.040816326530612
-3.4633801527504366	3.4633801527504366	4.040816326530612
-3.3038540971180503	3.3038540971180503	4.040816326530612
-3.117042137475393	3.117042137475393	4.040816326530612
-2.8976717304977715	2.8976717304977715	4.040816326530612
-2.63763174226996	2.63763174226996	4.040816326530612
-2.3233060360420743	2.3233060360420743	4.040816326530612
-1.9283284589416687	1.9283284589416687	4.040816326530612
-1.385352061100173	1.385352061100173	4.040816326530612
-0.0	0.0	4.040816326530612
-1.4279882191457858	1.4279882191457858	4.285714285714285
-1.9895604256251305	1.9895604256251305	4.285714285714285
-2.3995001561957645	2.3995001561957645	4.285714285714285
-2.727068259345315	2.727068259345315	4.285714285714285
-2.999375195244706	2.999375195244706	4.285714285714285
-3.230425948964795	3.230425948964795	4.285714285714285
-3.428571428571427	3.428571428571427	4.285714285714285
-3.599250234293648	3.599250234293648	4.285714285714285
-3.7462184181498	3.7462184181498	4.285714285714285
-3.87217672673679	3.87217672673679	4.285714285714285
-3.979120851250265	3.979120851250265	4.285714285714285
-4.068550463470077	4.068550463470077	4.285714285714285
-4.141600291907206	4.141600291907206	4.285714285714285
-4.19912527334259	4.19912527334259	4.285714285714285
-4.241757079760514	4.241757079760514	4.285714285714285
-4.269941822243924	4.269941822243924	4.285714285714285
-4.283964657437362	4.283964657437362	4.285714285714285
-4.283964657437362	4.283964657437362	4.285714285714285
-4.269941822243924	4.269941822243924	4.285714285714285
-4.241757079760514	4.241757079760514	4.285714285714285
-4.19912527334259	4.19912527334259	4.285714285714285
-4.141600291907206	4.141600291907206	4.285714285714285
-4.068550463470077	4.068550463470077	4.285714285714285
-3.9791208512502654	3.9791208512502654	4.285714285714285
-3.87217672673679	3.87217672673679	4.285714285714285
-3.7462184181498004	3.7462184181498004	4.285714285714285
-3.599250234293648	3.599250234293648	4.285714285714285
-3.4285714285714275	3.4285714285714275	4.285714285714285
-3.230425948964796	3.230425948964796	4.285714285714285
-2.999375195244706	2.999375195244706	4.285714285714285
-2.7270682593453155	2.7270682593453155	4.285714285714285
-2.399500156195766	2.399500156195766	4.285714285714285
-1.9895604256251305	1.9895604256251305	4.285714285714285
-1.4279882191457858	1.4279882191457858	4.285714285714285
-0.0	0.0	4.285714285714285
-0.0	0.0	4.530612244897959
-1.4693877551020413	1.4693877551020413	4.530612244897959
-2.0489633302875325	2.0489633302875325	4.530612244897959
-2.4733481481703046	2.4733481481703046	4.530612244897959
-2.8136633370798507	2.8136633370798507	4.530612244897959
-3.0977413813894326	3.0977413813894326	4.530612244897959
-3.3399628645679647	3.3399628645679647	4.530612244897959
-3.548908590903536	3.548908590903536	4.530612244897959
-3.7301745824639547	3.7301745824639547	4.530612244897959
-3.88763457952348	3.88763457952348	4.530612244897959
-4.024084095956322	4.024084095956322	4.530612244897959
-4.141600291907207	4.141600291907207	4.530612244897959
-4.241757079760516	4.241757079760516	4.530612244897959
-4.3257604243238434	4.3257604243238434	4.530612244897959
-4.394536762022782	4.394536762022782	4.530612244897959
-4.448792357041213	4.448792357041213	4.530612244897959
-4.489053741997557	4.489053741997557	4.530612244897959
-4.515695244388353	4.515695244388353	4.530612244897959
-4.528957226671085	4.528957226671085	4.530612244897959
-4.528957226671085	4.528957226671085	4.530612244897959
-4.515695244388353	4.515695244388353	4.530612244897959
-4.489053741997557	4.489053741997557	4.530612244897959
-4.448792357041213	4.448792357041213	4.530612244897959
-4.394536762022782	4.394536762022782	4.530612244897959
-4.3257604243238434	4.3257604243238434	4.530612244897959
-4.241757079760516	4.241757079760516	4.530612244897959
-4.141600291907207	4.141600291907207	4.530612244897959
-4.024084095956323	4.024084095956323	4.530612244897959
-3.8876345795234797	3.8876345795234797	4.530612244897959
-3.730174582463955	3.730174582463955	4.530612244897959
-3.5489085909035367	3.5489085909035367	4.530612244897959
-3.3399628645679647	3.3399628645679647	4.530612244897959
-3.097741381389433	3.097741381389433	4.530612244897959
-2.813663337079852	2.813663337079852	4.530612244897959
-2.4733481481703046	2.4733481481703046	4.530612244897959
-2.0489633302875325	2.0489633302875325	4.530612244897959
-1.4693877551020438	1.4693877551020438	4.530612244897959
-0.0	0.0	4.530612244897959
-0.0	0.0	4.775510204081632
-1.50965240889036	1.50965240889036	4.775510204081632
-2.1066919021328876	2.1066919021328876	4.775510204081632
-2.545054247856309	2.545054247856309	4.775510204081632
-2.89767173049777	2.89767173049777	4.775510204081632
-3.193078729078848	3.193078729078848	4.775510204081632
-3.44601974191109	3.44601974191109	4.775510204081632
-3.665297031941819	3.665297031941819	4.775510204081632
-3.856656917883335	3.856656917883335	4.775510204081632
-4.024084095956321	4.024084095956321	4.775510204081632
-4.170461967165649	4.170461967165649	4.775510204081632
-4.297941740763488	4.297941740763488	4.775510204081632
-4.408163265306122	4.408163265306122	4.775510204081632
-4.502394198575567	4.502394198575567	4.775510204081632
-4.581621289927274	4.581621289927274	4.775510204081632
-4.646612072084149	4.646612072084149	4.775510204081632
-4.697957410592052	4.697957410592052	4.775510204081632
-4.736101127954378	4.736101127954378	4.775510204081632
-4.761360513115978	4.761360513115978	4.775510204081632
-4.7739400872533695	4.7739400872533695	4.775510204081632
-4.7739400872533695	4.7739400872533695	4.775510204081632
-4.761360513115978	4.761360513115978	4.775510204081632
-4.736101127954378	4.736101127954378	4.775510204081632
-4.697957410592052	4.697957410592052	4.775510204081632
-4.646612072084149	4.646612072084149	4.775510204081632
-4.581621289927274	4.581621289927274	4.775510204081632
-4.502394198575567	4.502394198575567	4.775510204081632
-4.408163265306122	4.408163265306122	4.775510204081632
-4.297941740763489	4.297941740763489	4.775510204081632
-4.170461967165648	4.170461967165648	4.775510204081632
-4.024084095956322	4.024084095956322	4.775510204081632
-3.856656917883336	3.856656917883336	4.775510204081632
-3.665297031941819	3.665297031941819	4.775510204081632
-3.446019741911091	3.446019741911091	4.775510204081632
-3.1930787290788487	3.1930787290788487	4.775510204081632
-2.89767173049777	2.89767173049777	4.775510204081632
-2.545054247856309	2.545054247856309	4.775510204081632
-2.1066919021328894	2.1066919021328894	4.775510204081632
-1.50965240889036	1.50965240889036	4.775510204081632
-0.0	0.0	4.775510204081632
-1.5488706906947138	1.5488706906947138	5.020408163265305
-2.1628802121619186	2.1628802121619186	5.020408163265305
-2.6147946739668497	2.6147946739668497	5.020408163265305
-2.979312259737902	2.979312259737902	5.020408163265305
-3.2856509057139744	3.2856509057139744	5.020408163265305
-3.5489085909035345	3.5489085909035345	5.020408163265305
-3.778101702989756	3.778101702989756	5.020408163265305
-3.9791208512502645	3.9791208512502645	5.020408163265305
-4.156056183300523	4.156056183300523	5.020408163265305
-4.31187351714098	4.31187351714098	5.020408163265305
-4.448792357041211	4.448792357041211	5.020408163265305
-4.56851218926799	4.56851218926799	5.020408163265305
-4.672355272246263	4.672355272246263	5.020408163265305
-4.761360513115978	4.761360513115978	5.020408163265305
-4.836347181583223	4.836347181583223	5.020408163265305
-4.897959183673469	4.897959183673469	5.020408163265305
-4.946696296340608	4.946696296340608	5.020408163265305
-4.982936314132848	4.982936314132848	5.020408163265305
-5.006950604145518	5.006950604145518	5.020408163265305
-5.01891466087817	5.01891466087817	5.020408163265305
-5.01891466087817	5.01891466087817	5.020408163265305
-5.006950604145518	5.006950604145518	5.020408163265305
-4.982936314132848	4.982936314132848	5.020408163265305
-4.946696296340608	4.946696296340608	5.020408163265305
-4.897959183673469	4.897959183673469	5.020408163265305
-4.836347181583223	4.836347181583223	5.020408163265305
-4.761360513115978	4.761360513115978	5.020408163265305
-4.672355272246263	4.672355272246263	5.020408163265305
-4.56851218926799	4.56851218926799	5.020408163265305
-4.448792357041211	4.448792357041211	5.020408163265305
-4.31187351714098	4.31187351714098	5.020408163265305
-4.156056183300524	4.156056183300524	5.020408163265305
-3.9791208512502645	3.9791208512502645	5.020408163265305
-3.778101702989757	3.778101702989757	5.020408163265305
-3.548908590903535	3.548908590903535	5.020408163265305
-3.2856509057139744	3.2856509057139744	5.020408163265305
-2.979312259737902	2.979312259737902	5.020408163265305
-2.614794673966851	2.614794673966851	5.020408163265305
-2.1628802121619186	2.1628802121619186	5.020408163265305
-1.5488706906947138	1.5488706906947138	5.020408163265305
-0.0	0.0	5.020408163265305
-0.0	0.0	5.26530612244898
-1.5871201710386607	1.5871201710386607	5.26530612244898
-2.2176453399520217	2.2176453399520217	5.26530612244898
-2.6827227306375487	2.6827227306375487	5.26530612244898
-3.0587745298277875	3.0587745298277875	5.26530612244898
-3.375685408675157	3.375685408675157	5.26530612244898
-3.6488974103880834	3.6488974103880834	5.26530612244898
-3.88763457952348	3.88763457952348	5.26530612244898
-4.097926660575063	4.097926660575063	5.26530612244898
-4.283964657437363	4.283964657437363	5.26530612244898
-4.448792357041213	4.448792357041213	5.26530612244898
-4.5946929892147885	4.5946929892147885	5.26530612244898
-4.723420780894508	4.723420780894508	5.26530612244898
-4.836347181583224	4.836347181583224	5.26530612244898
-4.93455714602691	4.93455714602691	5.26530612244898
-5.0189146608781705	5.0189146608781705	5.26530612244898
-5.090108495712619	5.090108495712619	5.26530612244898
-5.148684744888646	5.148684744888646	5.26530612244898
-5.195070229125656	5.195070229125656	5.26530612244898
-5.229589347933703	5.229589347933703	5.26530612244898
-5.252476062741359	5.252476062741359	5.26530612244898
-5.263882104539921	5.263882104539921	5.26530612244898
-5.263882104539921	5.263882104539921	5.26530612244898
-5.252476062741359	5.252476062741359	5.26530612244898
-5.229589347933703	5.229589347933703	5.26530612244898
-5.195070229125656	5.195070229125656	5.26530612244898
-5.148684744888646	5.148684744888646	5.26530612244898
-5.090108495712619	5.090108495712619	5.26530612244898
-5.018914660878171	5.018914660878171	5.26530612244898
-4.93455714602691	4.93455714602691	5.26530612244898
-4.836347181583225	4.836347181583225	5.26530612244898
-4.723420780894508	4.723420780894508	5.26530612244898
-4.5946929892147885	4.5946929892147885	5.26530612244898
-4.448792357041213	4.448792357041213	5.26530612244898
-4.283964657437363	4.283964657437363	5.26530612244898
-4.097926660575064	4.097926660575064	5.26530612244898
-3.887634579523481	3.887634579523481	5.26530612244898
-3.6488974103880834	3.6488974103880834	5.26530612244898
-3.375685408675157	3.375685408675157	5.26530612244898
-3.0587745298277884	3.0587745298277884	5.26530612244898
-2.6827227306375487	2.6827227306375487	5.26530612244898
-2.2176453399520217	2.2176453399520217	5.26530612244898
-1.587120171038664	1.587120171038664	5.26530612244898
-0.0	0.0	5.26530612244898
-1.6244692850720304	1.6244692850720304	5.5102040816326525
-2.2710902437948652	2.2710902437948652	5.5102040816326525
-2.748972773956365	2.748972773956365	5.5102040816326525
-3.1362241162936395	3.1362241162936395	5.5102040816326525
-3.463380152750436	3.463380152750436	5.5102040816326525
-3.746218418149801	3.746218418149801	5.5102040816326525
-3.994164840073491	3.994164840073491	5.5102040816326525
-4.213383804265776	4.213383804265776	5.5102040816326525
-4.408163265306122	4.408163265306122	5.5102040816326525
-4.581621289927274	4.581621289927274	5.5102040816326525
-4.736101127954378	4.736101127954378	5.5102040816326525
-4.873407855216096	4.873407855216096	5.5102040816326525
-4.994957890866401	4.994957890866401	5.5102040816326525
-5.101877548408079	5.101877548408079	5.5102040816326525
-5.195070229125655	5.195070229125655	5.5102040816326525
-5.275263484539922	5.275263484539922	5.5102040816326525
-5.343042668393003	5.343042668393003	5.5102040816326525
-5.3988753514404735	5.3988753514404735	5.5102040816326525
-5.443129168381927	5.443129168381927	5.5102040816326525
-5.476084842856627	5.476084842856627	5.5102040816326525
-5.49794554791273	5.49794554791273	5.5102040816326525
-5.508843369405057	5.508843369405057	5.5102040816326525
-5.508843369405057	5.508843369405057	5.5102040816326525
-5.49794554791273	5.49794554791273	5.5102040816326525
-5.476084842856627	5.476084842856627	5.5102040816326525
-5.443129168381927	5.443129168381927	5.5102040816326525
-5.3988753514404735	5.3988753514404735	5.5102040816326525
-5.343042668393003	5.343042668393003	5.5102040816326525
-5.275263484539922	5.275263484539922	5.5102040816326525
-5.195070229125655	5.195070229125655	5.5102040816326525
-5.10187754840808	5.10187754840808	5.5102040816326525
-4.9949578908664005	4.9949578908664005	5.5102040816326525
-4.873407855216097	4.873407855216097	5.5102040816326525
-4.736101127954379	4.736101127954379	5.5102040816326525
-4.581621289927274	4.581621289927274	5.5102040816326525
-4.408163265306122	4.408163265306122	5.5102040816326525
-4.213383804265777	4.213383804265777	5.5102040816326525
-3.994164840073491	3.994164840073491	5.5102040816326525
-3.746218418149801	3.746218418149801	5.5102040816326525
-3.4633801527504375	3.4633801527504375	5.5102040816326525
-3.1362241162936395	3.1362241162936395	5.5102040816326525
-2.748972773956365	2.748972773956365	5.5102040816326525
-2.271090243794868	2.271090243794868	5.5102040816326525
-1.6244692850720304	1.6244692850720304	5.5102040816326525
-0.0	0.0	5.5102040816326525
-1.6609787713776116	1.6609787713776116	5.755102040816325
-2.3233060360420716	2.3233060360420716	5.755102040816325
-2.813663337079849	2.813663337079849	5.755102040816325
-3.2118066241479175	3.2118066241479175	5.755102040816325
-3.5489085909035345	3.5489085909035345	5.755102040816325
-3.841074401965253	3.841074401965253	5.755102040816325
-4.097926660575063	4.097926660575063	5.755102040816325
-4.325760424323842	4.325760424323842	5.755102040816325
-4.528957226671084	4.528957226671084	5.755102040816325
-4.7107063008174705	4.7107063008174705	5.755102040816325
-4.873407855216096	4.873407855216096	5.755102040816325
-5.01891466087817	5.01891466087817	5.755102040816325
-5.148684744888644	5.148684744888644	5.755102040816325
-5.26388210453992	5.26388210453992	5.755102040816325
-5.365445461275096	5.365445461275096	5.755102040816325
-5.454136518690633	5.454136518690633	5.755102040816325
-5.530574591332022	5.530574591332022	5.755102040816325
-5.595261873695931	5.595261873695931	5.755102040816325
-5.6486020871856955	5.6486020871856955	5.755102040816325
-5.690914304631305	5.690914304631305	5.755102040816325
-5.722443157003063	5.722443157003063	5.755102040816325
-5.743366236518485	5.743366236518485	5.755102040816325
-5.753799244638724	5.753799244638724	5.755102040816325
-5.753799244638724	5.753799244638724	5.755102040816325
-5.743366236518485	5.743366236518485	5.755102040816325
-5.722443157003063	5.722443157003063	5.755102040816325
-5.690914304631305	5.690914304631305	5.755102040816325
-5.6486020871856955	5.6486020871856955	5.755102040816325
-5.595261873695931	5.595261873695931	5.755102040816325
-5.530574591332022	5.530574591332022	5.755102040816325
-5.454136518690633	5.454136518690633	5.755102040816325
-5.365445461275096	5.365445461275096	5.755102040816325
-5.26388210453992	5.26388210453992	5.755102040816325
-5.148684744888645	5.148684744888645	5.755102040816325
-5.01891466087817	5.01891466087817	5.755102040816325
-4.873407855216096	4.873407855216096	5.755102040816325
-4.7107063008174705	4.7107063008174705	5.755102040816325
-4.528957226671085	4.528957226671085	5.755102040816325
-4.325760424323842	4.325760424323842	5.755102040816325
-4.097926660575063	4.097926660575063	5.755102040816325
-3.841074401965254	3.841074401965254	5.755102040816325
-3.5489085909035345	3.5489085909035345	5.755102040816325
-3.2118066241479175	3.2118066241479175	5.755102040816325
-2.8136633370798507	2.8136633370798507	5.755102040816325
-2.3233060360420716	2.3233060360420716	5.755102040816325
-1.6609787713776147	1.6609787713776147	5.755102040816325
-0.0	0.0	5.755102040816325
-0.0	0.0	6.0
-1.6967028319042077	1.6967028319042077	6.0
-2.3743738077141194	2.3743738077141194	6.0
-2.8768996223193626	2.8768996223193626	6.0
-3.285650905713977	3.285650905713977	6.0
-3.63242374878155	3.63242374878155	6.0
-3.9336436908266963	3.9336436908266963	6.0
-4.199125273342592	4.199125273342592	6.0
-4.435290679904041	4.435290679904041	6.0
-4.646612072084149	4.646612072084149	6.0
-4.836347181583224	4.836347181583224	6.0
-5.00695060414552	5.00695060414552	6.0
-5.160320205478892	5.160320205478892	6.0
-5.297952894559331	5.297952894559331	6.0
-5.421047417431507	5.421047417431507	6.0
-5.530574591332024	5.530574591332024	6.0
-5.6273266741597014	5.6273266741597014	6.0
-5.711952876583151	5.711952876583151	6.0
-5.784985376825004	5.784985376825004	6.0
-5.846858638194281	5.846858638194281	6.0
-5.897923875326839	5.897923875326839	6.0
-5.938459911664721	5.938459911664721	6.0
-5.968681276875399	5.968681276875399	6.0
-5.988744127659176	5.988744127659176	6.0
-5.998750390489415	5.998750390489415	6.0
-5.998750390489415	5.998750390489415	6.0
-5.988744127659176	5.988744127659176	6.0
-5.968681276875399	5.968681276875399	6.0
-5.938459911664722	5.938459911664722	6.0
-5.897923875326839	5.897923875326839	6.0
-5.846858638194281	5.846858638194281	6.0
-5.784985376825004	5.784985376825004	6.0
-5.711952876583151	5.711952876583151	6.0
-5.6273266741597014	5.6273266741597014	6.0
-5.530574591332024	5.530574591332024	6.0
-5.421047417431508	5.421047417431508	6.0
-5.297952894559332	5.297952894559332	6.0
-5.160320205478892	5.160320205478892	6.0
-5.00695060414552	5.00695060414552	6.0
-4.836347181583225	4.836347181583225	6.0
-4.646612072084149	4.646612072084149	6.0
-4.435290679904041	4.435290679904041	6.0
-4.199125273342592	4.199125273342592	6.0
-3.9336436908266963	3.9336436908266963	6.0
-3.63242374878155	3.63242374878155	6.0
-3.2856509057139784	3.2856509057139784	6.0
-2.8768996223193626	2.8768996223193626	6.0
-2.3743738077141217	2.3743738077141217	6.0
-1.69670283190421	1.69670283190421	6.0
-0.0	0.0	6.0
