0.7891563558345065	0.4333428014464218
1.5760094138595215	0.7935239682865078
-6.0	5.472000000344293
-6.0	5.421047417431508
-6.0	5.421047417431507
-6.0	5.297952894559332
-6.0	5.297952894559331
-6.0	5.285877551899958
-6.0	5.160320205478892
-6.0	5.099755104283698
-6.0	5.00695060414552
-6.0	4.913632658769352
-6.0	4.836347181583225
-6.0	4.836347181583224
-6.0	4.727510218577371
-6.0	4.646612072084149
-6.0	4.541387791826248
-6.0	4.435290679904041
-6.0	4.355265398916663
-6.0	4.199125273342592
-6.0	4.169143090928887
-6.0	3.983020995241267
-6.0	3.9336436908266963
-6.0	3.796899428025259
-6.0	3.63242374878155
-6.0	3.6107791698812544
-6.0	3.6107791698812535
-6.0	3.4246621360934455
-6.0	3.424662136093445
-6.0	3.2856509057139784
-6.0	3.285650905713977
-6.0	3.2385529916862184
-6.0	3.052463000036012
-6.0	3.052463000036011
-6.0	2.8768996223193626
-6.0	2.8664190676305634
-6.0	2.866419067630563
-6.0	2.680484627065382
-6.0	2.4948067417719453
-6.0	2.4948067417719444
-6.0	2.3743738077141217
-6.0	2.3743738077141194
-6.0	2.309719041241786
-6.0	2.1259567933586134
-6.0	2.1259567933586125
-6.0	1.945077399193155
-6.0	1.770201083510806
-6.0	1.6967028319042097
-6.0	1.696702831904208
-6.0	1.6071008856830096
-6.0	1.6071008856830091
-6.0	1.4652945675332667
-6.0	1.3580311680280954
-5.755102040816326	5.248653062104039
-5.755102040816326	5.248653062104038
-5.755102040816326	5.148684744888646
-5.755102040816326	5.148684744888645
-5.755102040816326	5.0625306144877795
-5.755102040816326	5.062530614487779
-5.755102040816326	5.0189146608781705
-5.755102040816326	5.01891466087817
-5.755102040816326	4.876408168973434
-5.755102040816326	4.873407855216096
-5.755102040816326	4.710706300817471
-5.755102040816326	4.690285728781453
-5.755102040816326	4.690285728781452
-5.755102040816326	4.528957226671085
-5.755102040816326	4.50416330203033
-5.755102040816326	4.325760424323843
-5.755102040816326	4.318040909120745
-5.755102040816326	4.131918601132969
-5.755102040816326	4.131918601132968
-5.755102040816326	4.097926660575063
-5.755102040816326	3.9457965054453488
-5.755102040816326	3.8410744019652547
-5.755102040816326	3.841074401965254
-5.755102040816326	3.759674938229341
-5.755102040816326	3.5735546800853357
-5.755102040816326	3.5489085909035354
-5.755102040816326	3.387437646297527
-5.755102040816326	3.211806624147919
-5.755102040816326	3.2013285018903
-5.755102040816326	3.0152385102400934
-5.755102040816326	3.015238510240093
-5.755102040816326	2.829194577834645
-5.755102040816326	2.8291945778346443
-5.755102040816326	2.813663337079852
-5.755102040816326	2.8136633370798503
-5.755102040816326	2.643260137269464
-5.755102040816326	2.6432601372694635
-5.755102040816326	2.4575822519760266
-5.755102040816326	2.4575822519760258
-5.755102040816326	2.3233060360420734
-5.755102040816326	2.2724945514458668
-5.755102040816326	2.088732303562695
-5.755102040816326	2.0887323035626943
-5.755102040816326	1.9078529093972363
-5.755102040816326	1.7329765937148878
-5.755102040816326	1.660978771377617
-5.755102040816326	1.6609787713776134
-5.755102040816326	1.569876395887091
-5.755102040816326	1.5698763958870905
-5.755102040816326	1.428070077737348
-5.755102040816326	1.3208066782321772
-5.510204081632653	5.025306124691862
-5.510204081632653	5.025306124691861
-5.510204081632653	4.994957890866401
-5.510204081632653	4.873407855216098
-5.510204081632653	4.839183679177515
-5.510204081632653	4.736101127954381
-5.510204081632653	4.73610112795438
-5.510204081632653	4.653061238985535
-5.510204081632653	4.581621289927276
-5.510204081632653	4.466938812234412
-5.510204081632653	4.408163265306124
-5.510204081632653	4.408163265306123
-5.510204081632653	4.280816419324826
-5.510204081632653	4.213383804265778
-5.510204081632653	4.213383804265777
-5.510204081632653	4.094694111337051
-5.510204081632653	4.09469411133705
-5.510204081632653	3.994164840073492
-5.510204081632653	3.908572015649431
-5.510204081632653	3.746218418149802
-5.510204081632653	3.7224504484334227
-5.510204081632653	3.536330190289418
-5.510204081632653	3.5363301902894166
-5.510204081632653	3.463380152750439
-5.510204081632653	3.463380152750438
-5.510204081632653	3.3502131565016087
-5.510204081632653	3.350213156501608
-5.510204081632653	3.164104012094382
-5.510204081632653	3.136224116293641
-5.510204081632653	2.978014020444175
-5.510204081632653	2.9780140204441747
-5.510204081632653	2.7919700880387266
-5.510204081632653	2.7489727739563667
-5.510204081632653	2.6060356474735458
-5.510204081632653	2.6060356474735453
-5.510204081632653	2.4203577621801085
-5.510204081632653	2.420357762180108
-5.510204081632653	2.27109024379487
-5.510204081632653	2.271090243794868
-5.510204081632653	2.2352700616499486
-5.510204081632653	2.0515078137667766
-5.510204081632653	2.051507813766776
-5.510204081632653	1.870628419601318
-5.510204081632653	1.69575210391897
-5.510204081632653	1.624469285072034
-5.510204081632653	1.5326519060911732
-5.510204081632653	1.5326519060911723
-5.510204081632653	1.3908455879414299
-5.510204081632653	1.2835821884362586
-5.510204081632653	1.2251176528409395
-5.26530612244898	4.801959189381597
-5.26530612244898	4.723420780894508
-5.26530612244898	4.615836749189616
-5.26530612244898	4.5946929892147885
-5.26530612244898	4.448792357041213
-5.26530612244898	4.429714322438493
-5.26530612244898	4.283964657437363
-5.26530612244898	4.243591929528908
-5.26530612244898	4.097926660575064
-5.26530612244898	4.097926660575063
-5.26530612244898	4.057469621541132
-5.26530612244898	3.887634579523481
-5.26530612244898	3.88763457952348
-5.26530612244898	3.871347525853512
-5.26530612244898	3.685225958637504
-5.26530612244898	3.6488974103880834
-5.26530612244898	3.4991057004934993
-5.26530612244898	3.4991057004934984
-5.26530612244898	3.375685408675157
-5.26530612244898	3.3129886667056905
-5.26530612244898	3.3129886667056896
-5.26530612244898	3.1268795222984633
-5.26530612244898	3.0587745298277884
-5.26530612244898	3.0587745298277875
-5.26530612244898	2.940789530648257
-5.26530612244898	2.940789530648256
-5.26530612244898	2.7547455982428084
-5.26530612244898	2.754745598242808
-5.26530612244898	2.6827227306375487
-5.26530612244898	2.568811157677627
-5.26530612244898	2.38313327238419
-5.26530612244898	2.3831332723841894
-5.26530612244898	2.2176453399520217
-5.26530612244898	2.198045571854031
-5.26530612244898	2.0142833239708584
-5.26530612244898	2.0142833239708575
-5.26530612244898	1.8334039298053995
-5.26530612244898	1.658527614123051
-5.26530612244898	1.5871201710386638
-5.26530612244898	1.5871201710386607
-5.26530612244898	1.4954274162952546
-5.26530612244898	1.4954274162952537
-5.26530612244898	1.3536210981455117
-5.26530612244898	1.2463576986403404
-5.020408163265306	4.578612259393698
-5.020408163265306	4.578612259393697
-5.020408163265306	4.568512189267991
-5.020408163265306	4.448792357041213
-5.020408163265306	4.448792357041212
-5.020408163265306	4.392489832642575
-5.020408163265306	4.311873517140982
-5.020408163265306	4.311873517140981
-5.020408163265306	4.20636743973299
-5.020408163265306	4.1560561833005245
-5.020408163265306	4.156056183300524
-5.020408163265306	4.020245131745214
-5.020408163265306	4.020245131745213
-5.020408163265306	3.979120851250266
-5.020408163265306	3.8341230360575937
-5.020408163265306	3.7781017029897583
-5.020408163265306	3.778101702989758
-5.020408163265306	3.648001468841586
-5.020408163265306	3.5489085909035367
-5.020408163265306	3.548908590903536
-5.020408163265306	3.461881210697581
-5.020408163265306	3.4618812106975803
-5.020408163265306	3.285650905713976
-5.020408163265306	3.275764176909772
-5.020408163265306	3.089655032502545
-5.020408163265306	2.979312259737904
-5.020408163265306	2.903565040852339
-5.020408163265306	2.903565040852338
-5.020408163265306	2.71752110844689
-5.020408163265306	2.7175211084468893
-5.020408163265306	2.614794673966853
-5.020408163265306	2.6147946739668515
-5.020408163265306	2.531586667881709
-5.020408163265306	2.5315866678817085
-5.020408163265306	2.345908782588272
-5.020408163265306	2.345908782588271
-5.020408163265306	2.1628802121619213
-5.020408163265306	2.160821082058112
-5.020408163265306	1.9770588341749398
-5.020408163265306	1.9770588341749393
-5.020408163265306	1.7961794400094817
-5.020408163265306	1.6213031243271327
-5.020408163265306	1.5488706906947174
-5.020408163265306	1.4582029264993364
-5.020408163265306	1.458202926499336
-5.020408163265306	1.316396608349593
-5.020408163265306	1.2091332088444222
-4.775510204081632	4.355265342846657
-4.775510204081632	4.297941740763489
-4.775510204081632	4.297941740763488
-4.775510204081632	4.170461967165649
-4.775510204081632	4.170461967165648
-4.775510204081632	4.169142949937071
-4.775510204081632	4.024084095956322
-4.775510204081632	4.024084095956321
-4.775510204081632	3.9830206419492957
-4.775510204081632	3.983020641949295
-4.775510204081632	3.856656917883336
-4.775510204081632	3.856656917883335
-4.775510204081632	3.7968985462616756
-4.775510204081632	3.665297031941819
-4.775510204081632	3.6107769790456676
-4.775510204081632	3.446019741911091
-4.775510204081632	3.44601974191109
-4.775510204081632	3.4246567209016625
-4.775510204081632	3.4246567209016616
-4.775510204081632	3.2385396871138536
-4.775510204081632	3.2385396871138528
-4.775510204081632	3.1930787290788487
-4.775510204081632	3.193078729078848
-4.775510204081632	3.052430542706627
-4.775510204081632	2.89767173049777
-4.775510204081632	2.86634055105642
-4.775510204081632	2.8663405510564193
-4.775510204081632	2.680296618650971
-4.775510204081632	2.545054247856309
-4.775510204081632	2.4943621780857903
-4.775510204081632	2.308684292792353
-4.775510204081632	2.3086842927923525
-4.775510204081632	2.1235965922621935
-4.775510204081632	2.1066919021328894
-4.775510204081632	2.1066919021328876
-4.775510204081632	1.9398343443790216
-4.775510204081632	1.9398343443790207
-4.775510204081632	1.758954950213563
-4.775510204081632	1.5840786345312141
-4.775510204081632	1.5096524088903598
-4.775510204081632	1.4209784367034182
-4.775510204081632	1.4209784367034173
-4.775510204081632	1.2791721185536749
-4.775510204081632	1.1719087190485036
-4.530612244897959	4.131918460141153
-4.530612244897959	4.024084095956323
-4.530612244897959	4.024084095956322
-4.530612244897959	3.9457961521533775
-4.530612244897959	3.945796152153377
-4.530612244897959	3.88763457952348
-4.530612244897959	3.8876345795234797
-4.530612244897959	3.7596740564657574
-4.530612244897959	3.730174582463955
-4.530612244897959	3.7301745824639547
-4.530612244897959	3.5735524892497494
-4.530612244897959	3.5489085909035367
-4.530612244897959	3.548908590903536
-4.530612244897959	3.3874322311057443
-4.530612244897959	3.3874322311057434
-4.530612244897959	3.3399628645679647
-4.530612244897959	3.2013151973179355
-4.530612244897959	3.2013151973179346
-4.530612244897959	3.097741381389433
-4.530612244897959	3.0977413813894326
-4.530612244897959	3.0152060529107083
-4.530612244897959	2.829116061260502
-4.530612244897959	2.829116061260501
-4.530612244897959	2.813663337079852
-4.530612244897959	2.8136633370798507
-4.530612244897959	2.6430721288550534
-4.530612244897959	2.643072128855053
-4.530612244897959	2.4733481481703046
-4.530612244897959	2.457137688289872
-4.530612244897959	2.4571376882898717
-4.530612244897959	2.271459802996435
-4.530612244897959	2.2714598029964344
-4.530612244897959	2.0863721024662754
-4.530612244897959	2.0489633302875325
-4.530612244897959	1.902609854583103
-4.530612244897959	1.9026098545831025
-4.530612244897959	1.7217304604176444
-4.530612244897959	1.5468541447352964
-4.530612244897959	1.4693877551020438
-4.530612244897959	1.4693877551020416
-4.530612244897959	1.3837539469074995
-4.530612244897959	1.383753946907499
-4.530612244897959	1.2419476287577567
-4.530612244897959	1.134684229252585
-4.285714285714286	3.908571662357459
-4.285714285714286	3.908571662357458
-4.285714285714286	3.872176726736791
-4.285714285714286	3.7462184181498013
-4.285714285714286	3.746218418149801
-4.285714285714286	3.7224495666698387
-4.285714285714286	3.5992502342936494
-4.285714285714286	3.599250234293649
-4.285714285714286	3.536327999453831
-4.285714285714286	3.4285714285714284
-4.285714285714286	3.428571428571428
-4.285714285714286	3.350207741309826
-4.285714285714286	3.3502077413098252
-4.285714285714286	3.2304259489647973
-4.285714285714286	3.230425948964796
-4.285714285714286	3.1640907075220164
-4.285714285714286	2.999375195244707
-4.285714285714286	2.97798156311479
-4.285714285714286	2.7918915714645833
-4.285714285714286	2.7918915714645824
-4.285714285714286	2.727068259345317
-4.285714285714286	2.7270682593453164
-4.285714285714286	2.6058476390591347
-4.285714285714286	2.6058476390591343
-4.285714285714286	2.4199131984939535
-4.285714285714286	2.399500156195767
-4.285714285714286	2.3995001561957663
-4.285714285714286	2.2342353132005166
-4.285714285714286	2.2342353132005157
-4.285714285714286	2.049147612670357
-4.285714285714286	1.9895604256251325
-4.285714285714286	1.8653853647871848
-4.285714285714286	1.8653853647871839
-4.285714285714286	1.6845059706217262
-4.285714285714286	1.5096296549393777
-4.285714285714286	1.4279882191457887
-4.285714285714286	1.346529457111581
-4.285714285714286	1.3465294571115805
-4.285714285714286	1.204723138961838
-4.285714285714286	1.0974597394566667
-4.040816326530612	3.6852250768739205
-4.040816326530612	3.599250234293649
-4.040816326530612	3.4991035096579126
-4.040816326530612	3.4633801527504366
-4.040816326530612	3.463380152750436
-4.040816326530612	3.312983251513907
-4.040816326530612	3.3129832515139066
-4.040816326530612	3.3038540971180503
-4.040816326530612	3.126866217726098
-4.040816326530612	3.1268662177260977
-4.040816326530612	3.117042137475393
-4.040816326530612	3.1170421374753925
-4.040816326530612	2.940757073318872
-4.040816326530612	2.8976717304977715
-4.040816326530612	2.89767173049777
-4.040816326530612	2.7546670816686647
-4.040816326530612	2.7546670816686643
-4.040816326530612	2.63763174226996
-4.040816326530612	2.568623149263216
-4.040816326530612	2.3826887086980353
-4.040816326530612	2.3233060360420743
-4.040816326530612	2.323306036042074
-4.040816326530612	2.197010823404598
-4.040816326530612	2.197010823404597
-4.040816326530612	2.0119231228744385
-4.040816326530612	1.9283284589416687
-4.040816326530612	1.9283284589416674
-4.040816326530612	1.8281608749912666
-4.040816326530612	1.8281608749912657
-4.040816326530612	1.6472814808258076
-4.040816326530612	1.472405165143459
-4.040816326530612	1.385352061100173
-4.040816326530612	1.3093049673156627
-4.040816326530612	1.3093049673156623
-4.040816326530612	1.1674986491659198
-4.040816326530612	1.0602352496607486
-3.795918367346939	3.4618790198619944
-3.795918367346939	3.4460197419110914
-3.795918367346939	3.446019741911091
-3.795918367346939	3.321957542755234
-3.795918367346939	3.275758761717989
-3.795918367346939	3.2757587617179884
-3.795918367346939	3.17424034207732
-3.795918367346939	3.1742403420773195
-3.795918367346939	3.0896417279301804
-3.795918367346939	3.0896417279301795
-3.795918367346939	2.999375195244708
-3.795918367346939	2.9993751952447076
-3.795918367346939	2.9035325835229533
-3.795918367346939	2.7922663471815627
-3.795918367346939	2.7922663471815623
-3.795918367346939	2.7174425918727465
-3.795918367346939	2.717442591872746
-3.795918367346939	2.545054247856311
-3.795918367346939	2.5450542478563096
-3.795918367346939	2.531398659467298
-3.795918367346939	2.345464218902117
-3.795918367346939	2.3454642189021166
-3.795918367346939	2.2445268709987785
-3.795918367346939	2.1597863336086798
-3.795918367346939	2.1597863336086793
-3.795918367346939	1.9746986330785203
-3.795918367346939	1.8650872912319785
-3.795918367346939	1.8650872912319776
-3.795918367346939	1.790936385195348
-3.795918367346939	1.790936385195347
-3.795918367346939	1.6100569910298894
-3.795918367346939	1.4351806753475413
-3.795918367346939	1.341361365318777
-3.795918367346939	1.3413613653187753
-3.795918367346939	1.2720804775197445
-3.795918367346939	1.2720804775197436
-3.795918367346939	1.1302741593700016
-3.795918367346939	1.02301075986483
-3.795918367346939	0.9645462242695109
-3.5510204081632653	3.238534271922071
-3.5510204081632653	3.23853427192207
-3.5510204081632653	3.1742403420773195
-3.5510204081632653	3.1742403420773186
-3.5510204081632653	3.0524172381342614
-3.5510204081632653	3.039103750038577
-3.5510204081632653	2.876899622319363
-3.5510204081632653	2.8768996223193626
-3.5510204081632653	2.866308093727035
-3.5510204081632653	2.6827227306375483
-3.5510204081632653	2.682722730637548
-3.5510204081632653	2.6802181020768288
-3.5510204081632653	2.680218102076828
-3.5510204081632653	2.49417416967138
-3.5510204081632653	2.4941741696713793
-3.5510204081632653	2.4489795918367347
-3.5510204081632653	2.4489795918367343
-3.5510204081632653	2.308239729106199
-3.5510204081632653	2.3082397291061985
-3.5510204081632653	2.1628802121619226
-3.5510204081632653	2.1628802121619213
-3.5510204081632653	2.1225618438127616
-3.5510204081632653	2.122561843812761
-3.5510204081632653	1.9374741432826017
-3.5510204081632653	1.799625117146824
-3.5510204081632653	1.7537118953994293
-3.5510204081632653	1.7537118953994288
-3.5510204081632653	1.5728325012339717
-3.5510204081632653	1.3979561855516227
-3.5510204081632653	1.2958781931744943
-3.5510204081632653	1.2958781931744925
-3.5510204081632653	1.2348559877238259
-3.5510204081632653	1.093049669574083
-3.5510204081632653	0.9857862700689117
-3.306122448979592	3.015192748338343
-3.306122448979592	2.8976717304977715
-3.306122448979592	2.897671730497771
-3.306122448979592	2.829083603931117
-3.306122448979592	2.7489727739563654
-3.306122448979592	2.64299361228091
-3.306122448979592	2.6429936122809092
-3.306122448979592	2.568511464906494
-3.306122448979592	2.5685114649064937
-3.306122448979592	2.4569496798754615
-3.306122448979592	2.456949679875461
-3.306122448979592	2.3489787052960263
-3.306122448979592	2.348978705296026
-3.306122448979592	2.2710152393102803
-3.306122448979592	2.0853373540168434
-3.306122448979592	2.0853373540168425
-3.306122448979592	2.0780280916502627
-3.306122448979592	2.0780280916502623
-3.306122448979592	1.9002496534866835
-3.306122448979592	1.7316900763752203
-3.306122448979592	1.7316900763752185
-3.306122448979592	1.7164874056035115
-3.306122448979592	1.7164874056035107
-3.306122448979592	1.535608011438053
-3.306122448979592	1.360731695755704
-3.306122448979592	1.2487394727166001
-3.306122448979592	1.1976314979279081
-3.306122448979592	1.1976314979279072
-3.306122448979592	1.0558251797781644
-3.306122448979592	0.9485617802729935
-3.0612244897959187	2.7918591141351983
-3.0612244897959187	2.7489727739563654
-3.0612244897959187	2.6147946739668524
-3.0612244897959187	2.6147946739668515
-3.0612244897959187	2.6057691224849915
-3.0612244897959187	2.605769122484991
-3.0612244897959187	2.448979591836735
-3.0612244897959187	2.419725190079543
-3.0612244897959187	2.4197251900795425
-3.0612244897959187	2.24452687099878
-3.0612244897959187	2.244526870998779
-3.0612244897959187	2.233790749514362
-3.0612244897959187	2.2337907495143616
-3.0612244897959187	2.0481128642209248
-3.0612244897959187	2.048112864220924
-3.0612244897959187	1.9895604256251338
-3.0612244897959187	1.9895604256251334
-3.0612244897959187	1.8630251636907653
-3.0612244897959187	1.679262915807593
-3.0612244897959187	1.679262915807592
-3.0612244897959187	1.6609787713776178
-3.0612244897959187	1.660978771377617
-3.0612244897959187	1.4983835216421344
-3.0612244897959187	1.3235072059597863
-3.0612244897959187	1.1997500780978863
-3.0612244897959187	1.1997500780978836
-3.0612244897959187	1.1604070081319895
-3.0612244897959187	1.1604070081319886
-3.0612244897959187	1.0186006899822466
-3.0612244897959187	0.9113372904770749
-3.0612244897959187	0.8528727548817558
-2.816326530612245	2.5685446326890733
-2.816326530612245	2.568544632689073
-2.816326530612245	2.473348148170305
-2.816326530612245	2.3825007002836247
-2.816326530612245	2.3825007002836243
-2.816326530612245	2.323306036042075
-2.816326530612245	2.3233060360420743
-2.816326530612245	2.196566259718444
-2.816326530612245	2.196566259718443
-2.816326530612245	2.134970911121963
-2.816326530612245	2.0108883744250066
-2.816326530612245	2.010888374425006
-2.816326530612245	1.896971434877103
-2.816326530612245	1.896971434877102
-2.816326530612245	1.8258006738948467
-2.816326530612245	1.6420384260116743
-2.816326530612245	1.6420384260116738
-2.816326530612245	1.5871201710386598
-2.816326530612245	1.5871201710386593
-2.816326530612245	1.4611590318462162
-2.816326530612245	1.2862827161638677
-2.816326530612245	1.148673247303698
-2.816326530612245	1.1486732473036967
-2.816326530612245	1.1231825183360709
-2.816326530612245	0.981376200186328
-2.816326530612245	0.8741128006811567
-2.5714285714285716	2.3452762104877065
-2.5714285714285716	2.345276210487706
-2.5714285714285716	2.3233060360420748
-2.5714285714285716	2.190433937142651
-2.5714285714285716	2.1593417699225252
-2.5714285714285716	2.159341769922525
-2.5714285714285716	2.019480306424977
-2.5714285714285716	2.0194803064249762
-2.5714285714285716	1.9736638846290884
-2.5714285714285716	1.9736638846290875
-2.5714285714285716	1.7996251171468254
-2.5714285714285716	1.7885761840989285
-2.5714285714285716	1.6048139362157565
-2.5714285714285716	1.6048139362157556
-2.5714285714285716	1.509652408890363
-2.5714285714285716	1.5096524088903616
-2.5714285714285716	1.423934542050298
-2.5714285714285716	1.249058226367949
-2.5714285714285716	1.095216968571326
-2.5714285714285716	1.0952169685713251
-2.5714285714285716	1.0859580285401527
-2.5714285714285716	1.0859580285401522
-2.5714285714285716	0.9441517103904093
-2.5714285714285716	0.8368883108852385
-2.5714285714285716	0.778423775289919
-2.326530612244898	2.1221172801266066
-2.326530612244898	2.0489633302875316
-2.326530612244898	1.9364393948331697
-2.326530612244898	1.9364393948331688
-2.326530612244898	1.896971434877102
-2.326530612244898	1.7513516943030103
-2.326530612244898	1.696702831904207
-2.326530612244898	1.6967028319042057
-2.326530612244898	1.5675894464198379
-2.326530612244898	1.567589446419837
-2.326530612244898	1.4279882191457878
-2.326530612244898	1.3867100522543794
-2.326530612244898	1.2118337365720304
-2.326530612244898	1.0487335387442345
-2.326530612244898	1.0487335387442336
-2.326530612244898	1.039014045825132
-2.326530612244898	1.0390140458251307
-2.326530612244898	0.9069272205944912
-2.326530612244898	0.7996638210893199
-2.0816326530612246	1.8992149050372515
-2.0816326530612246	1.899214905037251
-2.0816326530612246	1.8969714348771025
-2.0816326530612246	1.896971434877102
-2.0816326530612246	1.765984298186444
-2.0816326530612246	1.7141272045070917
-2.0816326530612246	1.5871201710386598
-2.0816326530612246	1.5303649566239197
-2.0816326530612246	1.5303649566239192
-2.0816326530612246	1.3494855624584612
-2.0816326530612246	1.3413613653187753
-2.0816326530612246	1.3413613653187735
-2.0816326530612246	1.1746092467761127
-2.0816326530612246	1.0115090489483158
-2.0816326530612246	1.0115090489483154
-2.0816326530612246	0.9795918367346945
-2.0816326530612246	0.869702730798573
-2.0816326530612246	0.7624393312934017
-1.8367346938775508	1.676902714711173
-1.8367346938775508	1.6244692850720326
-1.8367346938775508	1.6244692850720321
-1.8367346938775508	1.4931404668280015
-1.8367346938775508	1.4931404668280006
-1.8367346938775508	1.4693877551020407
-1.8367346938775508	1.312261072662543
-1.8367346938775508	1.2487394727165997
-1.8367346938775508	1.137384756980194
-1.8367346938775508	0.9742845591523976
-1.8367346938775508	0.9742845591523972
-1.8367346938775508	0.9163242579854556
-1.8367346938775508	0.9163242579854538
-1.8367346938775508	0.8324782410026543
-1.8367346938775508	0.7252148414974835
-1.591836734693878	1.4559159770320829
-1.591836734693878	1.455915977032082
-1.591836734693878	1.3413613653187753
-1.591836734693878	1.3413613653187744
-1.591836734693878	1.2750365828666244
-1.591836734693878	1.148673247303698
-1.591836734693878	1.1001602671842758
-1.591836734693878	0.9370600693564795
-1.591836734693878	0.9370600693564786
-1.591836734693878	0.848351415952104
-1.591836734693878	0.7952537512067366
-1.591836734693878	0.6879903517015649
-1.3469387755102042	1.2378120930707057
-1.3469387755102042	1.1997500780978831
-1.3469387755102042	1.0629357773883576
-1.3469387755102042	1.0390140458251316
-1.3469387755102042	1.0390140458251311
-1.3469387755102042	0.8998355795605608
-1.3469387755102042	0.8998355795605604
-1.3469387755102042	0.7744353453473587
-1.3469387755102042	0.758029261410818
-1.3469387755102042	0.6507658619056467
-1.1020408163265305	1.025711287592439
-1.1020408163265305	0.9163242579854547
-1.1020408163265305	0.8626110897646426
-1.1020408163265305	0.8626110897646417
-1.1020408163265305	0.7208047716148993
-1.1020408163265305	0.6926760305500874
-1.1020408163265305	0.6926760305500865
-1.1020408163265305	0.6135413721097285
-0.8571428571428577	0.8253865999687244
-0.8571428571428577	0.8253865999687235
-0.8571428571428577	0.7744353453473587
-0.8571428571428577	0.6835802818189811
-0.8571428571428577	0.5998750390489418
-0.8571428571428577	0.5763168823138098
-0.6122448979591839	0.5998750390489418
-0.6122448979591839	0.5390923925178916
-0.6122448979591839	0.4897959183673475
0.36734693877551017	0.3463380152750437
0.36734693877551017	0.34633801527504327
0.6122448979591839	0.46023334304347063
0.6122448979591839	0.3529699435382998
0.6122448979591839	0.2945054079429803
0.8571428571428568	0.42300885324755244
0.8571428571428568	0.31574545374238117
0.8571428571428568	0.42300885324755244
1.1020408163265305	0.690690879429174
1.1020408163265305	0.5275906816013771
1.1020408163265305	0.5275906816013767
1.1020408163265305	0.38578436345163425
1.1020408163265305	0.278520963946463
1.3469387755102042	0.8283427053156043
1.3469387755102042	0.7744353453473587
1.3469387755102042	0.6534663896332553
1.3469387755102042	0.49036619180545893
1.3469387755102042	0.4903661918054585
1.3469387755102042	0.3485598736557156
1.3469387755102042	0.24129647415054478
1.591836734693877	0.7911182155196856
1.591836734693877	0.6162418998373371
1.591836734693877	0.45314170200954074
1.591836734693877	0.45314170200953985
1.591836734693877	0.3113353838597974
1.591836734693877	0.20407198435462615
1.591836734693877	0.7911182155196856
1.591836734693877	0.8483514159521022
1.8367346938775508	1.118535367772398
1.8367346938775508	0.9347731198892255
1.8367346938775508	0.9347731198892251
1.8367346938775508	0.9163242579854556
1.8367346938775508	0.9163242579854538
1.8367346938775508	0.7538937257237674
1.8367346938775508	0.5790174100414189
1.8367346938775508	0.4159172122136221
1.8367346938775508	0.41591721221362166
1.8367346938775508	0.27411089406387923
1.8367346938775508	0.16684749455870795
2.0816326530612237	1.0813108779764797
2.0816326530612237	0.9795918367346927
2.0816326530612237	0.8975486300933078
2.0816326530612237	0.8975486300933069
2.0816326530612237	0.7166692359278493
2.0816326530612237	0.5417929202455003
2.0816326530612237	0.3786927224177039
2.0816326530612237	0.37869272241770346
2.0816326530612237	0.23688640426796104
2.0816326530612237	0.12962300476278976
2.0816326530612237	0.07115846916747026
2.0816326530612237	1.0813108779764797
2.3265306122448983	1.4148519740041579
2.3265306122448983	1.229174088710721
2.3265306122448983	1.22917408871072
2.3265306122448983	1.0440863881805615
2.3265306122448983	1.039014045825133
2.3265306122448983	1.0390140458251316
2.3265306122448983	0.8603241402973891
2.3265306122448983	0.8603241402973882
2.3265306122448983	0.6794447461319306
2.3265306122448983	0.5045684304495817
2.3265306122448983	0.3414682326217853
2.3265306122448983	0.34146823262178483
2.3265306122448983	0.1996619144720424
2.3265306122448983	0.09239851496687113
2.571428571428571	1.3776274842082392
2.571428571428571	1.1919495989148023
2.571428571428571	1.191949598914802
2.571428571428571	1.0952169685713251
2.571428571428571	1.0952169685713242
2.571428571428571	1.006861898384643
2.571428571428571	0.8230996505014705
2.571428571428571	0.82309965050147
2.571428571428571	0.6422202563360124
2.571428571428571	0.46734394065366347
2.571428571428571	0.3042437428258671
2.571428571428571	0.30424374282586664
2.571428571428571	0.1624374246761242
2.571428571428571	0.055174025170952934
2.571428571428571	1.3776274842082392
2.571428571428571	1.3776274842082397
2.571428571428571	1.5096524088903607
2.571428571428571	1.509652408890362
2.816326530612244	1.5263374349775027
2.816326530612244	1.5263374349775023
2.816326530612244	1.3404029944123215
2.816326530612244	1.1547251091188846
2.816326530612244	1.1547251091188837
2.816326530612244	1.1486732473036954
2.816326530612244	1.1486732473036945
2.816326530612244	0.9696374085887247
2.816326530612244	0.7858751607055527
2.816326530612244	0.7858751607055519
2.816326530612244	0.6049957665400942
2.816326530612244	0.4301194508577453
2.816326530612244	0.2670192530299489
2.816326530612244	0.26701925302994844
2.816326530612244	0.12521293488020602
2.816326530612244	0.017949535375034742
2.816326530612244	1.5263374349775027
2.816326530612244	1.5871201710386575
2.816326530612244	1.5871201710386584
3.0612244897959187	1.8612468692372395
3.0612244897959187	1.6751568775870327
3.0612244897959187	1.6751568775870318
3.0612244897959187	1.6609787713776178
3.0612244897959187	1.660978771377617
3.0612244897959187	1.489112945181584
3.0612244897959187	1.3031785046164028
3.0612244897959187	1.1997500780978863
3.0612244897959187	1.1997500780978836
3.0612244897959187	1.117500619322966
3.0612244897959187	1.117500619322965
3.0612244897959187	0.9324129187928061
3.0612244897959187	0.7486506709096341
3.0612244897959187	0.7486506709096332
3.0612244897959187	0.5677712767441756
3.0612244897959187	0.39289496106182664
3.0612244897959187	0.22979476323403025
3.0612244897959187	0.2297947632340298
3.0612244897959187	0.08798844508428738
3.3061224489795915	1.8240223794413208
3.3061224489795915	1.7316900763752194
3.3061224489795915	1.7316900763752177
3.3061224489795915	1.637932387791114
3.3061224489795915	1.6379323877911136
3.3061224489795915	1.4518884553856655
3.3061224489795915	1.2659540148204846
3.3061224489795915	1.2659540148204842
3.3061224489795915	1.2487394727165988
3.3061224489795915	1.0802761295270473
3.3061224489795915	1.0802761295270464
3.3061224489795915	0.8951884289968879
3.3061224489795915	0.7114261811137155
3.3061224489795915	0.711426181113715
3.3061224489795915	0.530546786948257
3.3061224489795915	0.35567047126590845
3.3061224489795915	0.19257027343811206
3.3061224489795915	0.19257027343811162
3.3061224489795915	0.05076395528836919
3.3061224489795915	1.8240223794413208
3.5510204081632644	1.9729070340526293
3.5510204081632644	1.972907034052629
3.5510204081632644	1.7996251171468227
3.5510204081632644	1.7867978896454026
3.5510204081632644	1.6007078979951963
3.5510204081632644	1.6007078979951954
3.5510204081632644	1.4146639655897477
3.5510204081632644	1.4146639655897473
3.5510204081632644	1.2958781931744916
3.5510204081632644	1.2958781931744907
3.5510204081632644	1.2287295250245664
3.5510204081632644	1.0430516397311296
3.5510204081632644	1.0430516397311287
3.5510204081632644	0.8579639392009697
3.5510204081632644	0.6742016913177977
3.5510204081632644	0.6742016913177968
3.5510204081632644	0.4933222971523392
3.5510204081632644	0.31844598146999026
3.5510204081632644	0.15534578364219387
3.5510204081632644	0.15534578364219342
3.5510204081632644	0.013539465492450553
3.5510204081632644	1.9729070340526293
3.795918367346939	2.307919836188525
3.795918367346939	2.2445268709987785
3.795918367346939	2.12179957804452
3.795918367346939	2.121799578044519
3.795918367346939	1.9356825442567107
3.795918367346939	1.8650872912319785
3.795918367346939	1.8650872912319776
3.795918367346939	1.749573399849484
3.795918367346939	1.5634834081992777
3.795918367346939	1.5634834081992768
3.795918367346939	1.377439475793829
3.795918367346939	1.3774394757938286
3.795918367346939	1.341361365318777
3.795918367346939	1.3413613653187753
3.795918367346939	1.1915050352286478
3.795918367346939	1.005827149935211
3.795918367346939	1.00582714993521
3.795918367346939	0.8207394494050511
3.795918367346939	0.6369772015218791
3.795918367346939	0.6369772015218782
3.795918367346939	0.4560978073564206
3.795918367346939	0.2812214916740716
3.795918367346939	0.11812129384627523
3.795918367346939	0.11812129384627479
4.040816326530612	2.4568169136086144
4.040816326530612	2.3233060360420743
4.040816326530612	2.323306036042074
4.040816326530612	2.2706953463926065
4.040816326530612	2.084575088248602
4.040816326530612	2.0845750882486014
4.040816326530612	1.9283284589416687
4.040816326530612	1.9283284589416674
4.040816326530612	1.898458054460792
4.040816326530612	1.7123489100535658
4.040816326530612	1.5262589184033595
4.040816326530612	1.526258918403359
4.040816326530612	1.385352061100173
4.040816326530612	1.3402149859979104
4.040816326530612	1.1542805454327296
4.040816326530612	1.1542805454327292
4.040816326530612	0.9686026601392923
4.040816326530612	0.9686026601392919
4.040816326530612	0.7835149596091329
4.040816326530612	0.5997527117259605
4.040816326530612	0.59975271172596
4.040816326530612	0.4188733175605024
4.040816326530612	0.24399700187815343
4.040816326530612	0.08089680405035704
4.040816326530612	0.0808968040503566
4.285714285714285	2.4195924238126967
4.285714285714285	2.399500156195766
4.285714285714285	2.3995001561957645
4.285714285714285	2.2334708565966883
4.285714285714285	2.047350598452683
4.285714285714285	2.0473505984526827
4.285714285714285	1.9895604256251307
4.285714285714285	1.8612335646648743
4.285714285714285	1.8612335646648739
4.285714285714285	1.6751244202576476
4.285714285714285	1.4890344286074413
4.285714285714285	1.4890344286074404
4.285714285714285	1.427988219145786
4.285714285714285	1.3029904962019927
4.285714285714285	1.3029904962019918
4.285714285714285	1.1170560556368114
4.285714285714285	1.117056055636811
4.285714285714285	0.9313781703433741
4.285714285714285	0.9313781703433737
4.285714285714285	0.7462904698132147
4.285714285714285	0.5625282219300423
4.285714285714285	0.5625282219300418
4.285714285714285	0.38164882776458375
4.285714285714285	0.20677251208223524
4.285714285714285	0.04367231425443885
4.285714285714285	0.04367231425443796
4.285714285714285	2.4195924238126967
4.530612244897959	2.7546123376921736
4.530612244897959	2.5684900297043978
4.530612244897959	2.5684900297043973
4.530612244897959	2.4733481481703046
4.530612244897959	2.382367934016778
4.530612244897959	2.19624636680077
4.530612244897959	2.0489633302875325
4.530612244897959	2.010126108656765
4.530612244897959	2.010126108656764
4.530612244897959	1.8240090748689557
4.530612244897959	1.637899930461729
4.530612244897959	1.4693877551020438
4.530612244897959	1.4693877551020416
4.530612244897959	1.4518099388115226
4.530612244897959	1.4518099388115218
4.530612244897959	1.265766006406074
4.530612244897959	1.2657660064060736
4.530612244897959	1.0798315658408928
4.530612244897959	0.8941536805474559
4.530612244897959	0.894153680547455
4.530612244897959	0.709065980017296
4.530612244897959	0.5253037321341241
4.530612244897959	0.5253037321341232
4.530612244897959	0.34442433796866556
4.530612244897959	0.1695480222863166
4.530612244897959	0.006447824458520213
4.530612244897959	0.006447824458519769
4.775510204081632	2.9035102408058404
4.775510204081632	2.89767173049777
4.775510204081632	2.717387847896255
4.775510204081632	2.545054247856309
4.775510204081632	2.5312655399084796
4.775510204081632	2.5312655399084787
4.775510204081632	2.3451434442208594
4.775510204081632	2.1590218770048515
4.775510204081632	2.1066919021328894
4.775510204081632	2.1066919021328876
4.775510204081632	1.9729016188608468
4.775510204081632	1.9729016188608464
4.775510204081632	1.786784585073037
4.775510204081632	1.6006754406658108
4.775510204081632	1.5096524088903598
4.775510204081632	1.414585449015604
4.775510204081632	1.4145854490156036
4.775510204081632	1.2285415166101554
4.775510204081632	1.0426070760449746
4.775510204081632	1.0426070760449742
4.775510204081632	0.8569291907515373
4.775510204081632	0.8569291907515368
4.775510204081632	0.6718414902213778
4.775510204081632	0.48807924233820543
4.775510204081632	0.488079242338205
4.775510204081632	0.3071998481727469
4.775510204081632	0.1323235324903984
5.020408163265305	2.8662857510099222
5.020408163265305	2.6801633581003372
5.020408163265305	2.614794673966851
5.020408163265305	2.6147946739668497
5.020408163265305	2.4940410501125614
5.020408163265305	2.4940410501125605
5.020408163265305	2.307918954424941
5.020408163265305	2.1628802121619186
5.020408163265305	2.1217973872089333
5.020408163265305	1.9356771290649286
5.020408163265305	1.9356771290649277
5.020408163265305	1.7495600952771193
5.020408163265305	1.7495600952771189
5.020408163265305	1.5634509508698926
5.020408163265305	1.5488706906947138
5.020408163265305	1.3773609592196863
5.020408163265305	1.3773609592196854
5.020408163265305	1.1913170268142372
5.020408163265305	1.1913170268142368
5.020408163265305	1.0053825862490564
5.020408163265305	1.005382586249056
5.020408163265305	0.8197047009556191
5.020408163265305	0.8197047009556186
5.020408163265305	0.6346170004254597
5.020408163265305	0.45085475254228724
5.020408163265305	0.4508547525422868
5.020408163265305	0.26997535837682873
5.020408163265305	0.09509904269448022
5.020408163265305	2.8662857510099222
5.020408163265305	2.979312259737902
5.26530612244898	3.201306128157108
5.26530612244898	3.0587745298277884
5.26530612244898	3.0587745298277875
5.26530612244898	3.015183687965127
5.26530612244898	3.0151836879651266
5.26530612244898	2.829061261214004
5.26530612244898	2.6827227306375487
5.26530612244898	2.6429388683044186
5.26530612244898	2.4568165603166428
5.26530612244898	2.4568165603166423
5.26530612244898	2.270694464629023
5.26530612244898	2.2176453399520217
5.26530612244898	2.0845728974130147
5.26530612244898	1.89845263926901
5.26530612244898	1.898452639269009
5.26530612244898	1.7123356054812007
5.26530612244898	1.7123356054812002
5.26530612244898	1.5871201710386638
5.26530612244898	1.5871201710386607
5.26530612244898	1.526226461073974
5.26530612244898	1.3401364694237676
5.26530612244898	1.3401364694237667
5.26530612244898	1.154092537018319
5.26530612244898	1.1540925370183186
5.26530612244898	0.9681580964531378
5.26530612244898	0.9681580964531373
5.26530612244898	0.7824802111597005
5.26530612244898	0.7824802111597
5.26530612244898	0.597392510629541
5.26530612244898	0.4136302627463686
5.26530612244898	0.41363026274636816
5.26530612244898	0.23275086858091054
5.26530612244898	0.05787455289856158
5.5102040816326525	3.164081638361189
5.5102040816326525	3.1362241162936395
5.5102040816326525	2.9779591981692084
5.5102040816326525	2.977959198169208
5.5102040816326525	2.7918367714180854
5.5102040816326525	2.748972773956365
5.5102040816326525	2.6057143785085
5.5102040816326525	2.4195920705207246
5.5102040816326525	2.4195920705207237
5.5102040816326525	2.271090243794868
5.5102040816326525	2.2710902437948652
5.5102040816326525	2.2334699748331044
5.5102040816326525	2.0473484076170965
5.5102040816326525	1.8612281494730918
5.5102040816326525	1.861228149473091
5.5102040816326525	1.675111115685282
5.5102040816326525	1.6244692850720304
5.5102040816326525	1.4890019712780558
5.5102040816326525	1.302911979627849
5.5102040816326525	1.3029119796278485
5.5102040816326525	1.1168680472224004
5.5102040816326525	0.9309336066572196
5.5102040816326525	0.9309336066572191
5.5102040816326525	0.7452557213637823
5.5102040816326525	0.7452557213637814
5.5102040816326525	0.5601680208336228
5.5102040816326525	0.3764057729504504
5.5102040816326525	0.37640577295044997
5.5102040816326525	0.1955263787849919
5.5102040816326525	0.02065006310264339
5.5102040816326525	3.164081638361189
5.755102040816325	3.312979594079617
5.755102040816325	3.3129795940796165
5.755102040816325	3.2118066241479175
5.755102040816325	3.126857148565271
5.755102040816325	2.9407347083732907
5.755102040816325	2.9407347083732898
5.755102040816325	2.8136633370798507
5.755102040816325	2.813663337079849
5.755102040816325	2.754612281622167
5.755102040816325	2.5684898887125818
5.755102040816325	2.3823675807248064
5.755102040816325	2.3823675807248055
5.755102040816325	2.3233060360420716
5.755102040816325	2.196245485037186
5.755102040816325	2.0101239178211783
5.755102040816325	1.8240036596771732
5.755102040816325	1.8240036596771727
5.755102040816325	1.6609787713776147
5.755102040816325	1.6609787713776116
5.755102040816325	1.6378866258893643
5.755102040816325	1.6378866258893634
5.755102040816325	1.4517774814821376
5.755102040816325	1.2656874898319308
5.755102040816325	1.2656874898319304
5.755102040816325	1.0796435574264822
5.755102040816325	1.0796435574264818
5.755102040816325	0.8937091168613014
5.755102040816325	0.893709116861301
5.755102040816325	0.7080312315678641
5.755102040816325	0.7080312315678632
5.755102040816325	0.5229435310377042
5.755102040816325	0.3391812831545322
5.755102040816325	0.33918128315453133
5.755102040816325	0.1583018889890737
5.755102040816325	3.312979594079617
6.0	3.6480000003442923
6.0	3.63242374878155
6.0	3.4618775518999585
6.0	3.461877551899957
6.0	3.2856509057139784
6.0	3.285650905713977
6.0	3.2757551042836988
6.0	3.2757551042836974
6.0	3.089632658769353
6.0	2.903510218577372
6.0	2.903510218577371
6.0	2.8768996223193626
6.0	2.717387791826249
6.0	2.5312653989166636
6.0	2.3743738077141217
6.0	2.3743738077141194
6.0	2.3451430909288877
6.0	2.3451430909288873
6.0	2.159020995241268
6.0	1.9728994280252596
6.0	1.786779169881255
6.0	1.786779169881254
6.0	1.6967028319042097
6.0	1.696702831904208
6.0	1.6006621360934457
6.0	1.6006621360934452
6.0	1.414552991686219
6.0	1.2284630000360126
6.0	1.2284630000360117
6.0	1.042419067630564
6.0	1.0424190676305631
6.0	0.8564846270653828
6.0	0.8564846270653823
6.0	0.6708067417719454
6.0	0.670806741771945
6.0	0.485719041241786
6.0	0.3019567933586136
6.0	0.30195679335861314
6.0	0.12107739919315508
