-6.0	6.00124934931078
-6.0	6.01123479606543
-6.0	6.03115609274682
-6.0	6.06091526731327
-6.0	6.10036834632546
-6.0	6.14932874913782
-6.0	6.20757152112812
-6.0	6.27483819199296
-6.0	6.30155664002849
-6.0	6.30155664002851
-6.0	6.3508420309665
-6.0	6.4352734743531
-6.0	6.52780551931192
-6.0	6.62809890745683
-6.0	6.73580695811024
-6.0	6.8505799497303
-6.0	6.97206898554453
-6.0	6.97206898554454
-6.0	7.0999293131384
-6.0	7.23382309603686
-6.0	7.37342165746511
-6.0	7.51840723249408
-6.0	7.66847427519241
-6.0	7.82333037304324
-6.0	7.98269682269712
-6.0	8.14630892007179
-6.0	8.27024585088726
-6.0	8.27024585088728
-6.0	8.31391601474349
-5.75510204081633	5.75640454214359
-5.75510204081633	5.76681396211426
-5.75510204081633	5.78757663580235
-5.75510204081633	5.81858173249799
-5.75510204081633	5.85966666808428
-5.75510204081633	5.9106212503578
-5.75510204081633	5.97119281970773
-5.75510204081633	6.04109210622564
-5.75510204081633	6.11999951000806
-5.75510204081633	6.11999951000807
-5.75510204081633	6.20757152112812
-5.75510204081633	6.26433215023257
-5.75510204081633	6.26433215023259
-5.75510204081633	6.30344702509408
-5.75510204081633	6.40725328258831
-5.75510204081633	6.51861142246833
-5.75510204081633	6.63714133854742
-5.75510204081633	6.76246592889016
-5.75510204081633	6.89421465808616
-5.75510204081633	7.03202645650346
-5.75510204081633	7.17555199542054
-5.75510204081633	7.32445539366768
-5.75510204081633	7.47841542102978
-5.75510204081633	7.63712626751641
-5.75510204081633	7.80029794708554
-5.75510204081633	7.96765640081507
-5.75510204081633	8.13894335896353
-5.75510204081633	8.23302136109134
-5.75510204081633	8.23302136109136
-5.51020408163265	5.51156445792338
-5.51020408163265	5.52243540430025
-5.51020408163265	5.54411334988005
-5.51020408163265	5.57647226289096
-5.51020408163265	5.6193276272247
-5.51020408163265	5.67244154542064
-5.51020408163265	5.73552902626794
-5.51020408163265	5.80826509010519
-5.51020408163265	5.89029231223136
-5.51020408163265	5.98122844497297
-5.51020408163265	6.08067380470293
-5.51020408163265	6.18821817232324
-5.51020408163265	6.22710766043665
-5.51020408163265	6.22710766043667
-5.51020408163265	6.30344702509408
-5.51020408163265	6.42594698615605
-5.51020408163265	6.55531043966898
-5.51020408163265	6.69113931052127
-5.51020408163265	6.8330480465161
-5.51020408163265	6.98066586795391
-5.51020408163265	7.13363836585935
-5.51020408163265	7.29162853761277
-5.51020408163265	7.45431734949768
-5.51020408163265	7.62140391163858
-5.51020408163265	7.79260534368848
-5.51020408163265	7.96765640081507
-5.26530612244898	5.26672975533222
-5.26530612244898	5.2781049948373
-5.26530612244898	5.30078224210123
-5.26530612244898	5.33461736590824
-5.26530612244898	5.3793998293442
-5.26530612244898	5.43485902559318
-5.26530612244898	5.50067202739989
-5.26530612244898	5.57647226289096
-5.26530612244898	5.66185862287195
-5.26530612244898	5.75640454214359
-5.26530612244898	5.85966666808428
-5.26530612244898	5.97119281970773
-5.26530612244898	6.09052903613676
-5.26530612244898	6.18988317064073
-5.26530612244898	6.18988317064075
-5.26530612244898	6.21722560397687
-5.26530612244898	6.3508420309665
-5.26530612244898	6.49095099462787
-5.26530612244898	6.63714133854742
-5.26530612244898	6.78902021663467
-5.26530612244898	6.94621449976302
-5.26530612244898	7.10837156262857
-5.26530612244898	7.27515956449614
-5.26530612244898	7.44626732841344
-5.26530612244898	7.62140391163858
-5.26530612244898	7.80029794708554
-5.02040816326531	5.02190122148813
-5.02040816326531	5.03382974475783
-5.02040816326531	5.05760239054613
-5.02040816326531	5.09305330851072
-5.02040816326531	5.13994086411805
-5.02040816326531	5.19795557798966
-5.02040816326531	5.26672975533222
-5.02040816326531	5.34584815174116
-5.02040816326531	5.43485902559318
-5.02040816326531	5.53328499315674
-5.02040816326531	5.64063321123968
-5.02040816326531	5.75640454214359
-5.02040816326531	5.88010148744962
-5.02040816326531	6.01123479606543
-5.02040816326531	6.14932874913782
-5.02040816326531	6.15265868084482
-5.02040816326531	6.15265868084483
-5.02040816326531	6.29392519635742
-5.02040816326531	6.44458646544038
-5.02040816326531	6.60089729238052
-5.02040816326531	6.76246592889016
-5.02040816326531	6.92892457998128
-5.02040816326531	7.0999293131384
-5.02040816326531	7.27515956449614
-5.02040816326531	7.45431734949768
-5.02040816326531	7.63712626751641
-4.77551020408163	4.77707980484845
-4.77551020408163	4.78961809361827
-4.77551020408163	4.81459671461327
-4.77551020408163	4.85182353212056
-4.77551020408163	4.90101945212804
-4.77551020408163	4.9618284708624
-4.77551020408163	5.03382974475783
-4.77551020408163	5.11655079570029
-4.77551020408163	5.20948099253453
-4.77551020408163	5.31208456248584
-4.77551020408163	5.4238125527388
-4.77551020408163	5.54411334988005
-4.77551020408163	5.67244154542064
-4.77551020408163	5.80826509010519
-4.77551020408163	5.95107079847651
-4.77551020408163	6.10036834632546
-4.77551020408163	6.1154341910489
-4.77551020408163	6.11543419104892
-4.77551020408163	6.25569295074847
-4.77551020408163	6.41660694199538
-4.77551020408163	6.58270043545254
-4.77551020408163	6.75359129786335
-4.77551020408163	6.92892457998128
-4.77551020408163	7.10837156262857
-4.77551020408163	7.29162853761277
-4.77551020408163	7.47841542102978
-4.53061224489796	4.53226665877267
-4.53061224489796	4.54548029222953
-4.53061224489796	4.57179298839048
-4.53061224489796	4.61098050214598
-4.53061224489796	4.66271822807994
-4.53061224489796	4.72659405688623
-4.53061224489796	4.8021236451741
-4.53061224489796	4.88876688432909
-4.53061224489796	4.98594442567404
-4.53061224489796	5.09305330851072
-4.53061224489796	5.20948099253453
-4.53061224489796	5.33461736590824
-4.53061224489796	5.46786454573864
-4.53061224489796	5.60864448519124
-4.53061224489796	5.75640454214359
-4.53061224489796	5.9106212503578
-4.53061224489796	6.07080257448516
-4.53061224489796	6.07820970125298
-4.53061224489796	6.078209701253
-4.53061224489796	6.23648893628417
-4.53061224489796	6.40725328258831
-4.53061224489796	6.58270043545254
-4.53061224489796	6.76246592889016
-4.53061224489796	6.94621449976302
-4.53061224489796	7.13363836585935
-4.53061224489796	7.32445539366768
-4.28571428571429	4.28746320000284
-4.28571428571429	4.30142891516334
-4.28571428571429	4.32922519093805
-4.28571428571429	4.3705881545081
-4.28571428571429	4.42513738765534
-4.28571428571429	4.49239257008428
-4.28571428571429	4.57179298839048
-4.28571428571429	4.66271822807994
-4.28571428571429	4.76450852041071
-4.28571428571429	4.87648353103834
-4.28571428571429	4.99795876701026
-4.28571428571429	5.12825916523394
-4.28571428571429	5.26672975533222
-4.28571428571429	5.41274353599192
-4.28571428571429	5.56570686238213
-4.28571428571429	5.72506272370333
-4.28571428571429	5.89029231223136
-4.28571428571429	6.04098521145706
-4.28571428571429	6.04098521145708
-4.28571428571429	6.06091526731326
-4.28571428571429	6.06091526731327
-4.28571428571429	6.23648893628417
-4.28571428571429	6.41660694199538
-4.28571428571429	6.60089729238052
-4.28571428571429	6.78902021663467
-4.28571428571429	6.98066586795391
-4.28571428571429	7.17555199542054
-4.04081632653061	4.04267118838021
-4.04081632653061	4.0574795573341
-4.04081632653061	4.08693533100701
-4.04081632653061	4.13072517390196
-4.04081632653061	4.18839952077234
-4.04081632653061	4.25939439941047
-4.04081632653061	4.34305661656364
-4.04081632653061	4.43866994948372
-4.04081632653061	4.54548029222953
-4.04081632653061	4.66271822807994
-4.04081632653061	4.78961809361827
-4.04081632653061	4.92543314966174
-4.04081632653061	5.06944690885334
-4.04081632653061	5.22098096457008
-4.04081632653061	5.37939982934419
-4.04081632653061	5.54411334988005
-4.04081632653061	5.71457725203822
-4.04081632653061	5.89029231223136
-4.04081632653061	6.00376072166114
-4.04081632653061	6.00376072166116
-4.04081632653061	6.07080257448516
-4.04081632653061	6.25569295074847
-4.04081632653061	6.44458646544038
-4.04081632653061	6.63714133854742
-4.04081632653061	6.8330480465161
-4.04081632653061	7.03202645650346
-3.79591836734694	3.79789283737245
-3.79591836734694	3.8136517965055
-3.79591836734694	3.84497595137329
-3.79591836734694	3.89148944867038
-3.79591836734694	3.95265609589444
-3.79591836734694	4.0278083763425
-3.79591836734694	4.11618032178897
-3.79591836734694	4.21694090393206
-3.79591836734694	4.32922519093805
-3.79591836734694	4.45216137861988
-3.79591836734694	4.58489270861609
-3.79591836734694	4.5848927086161
-3.79591836734694	4.72659405688623
-3.79591836734694	4.87648353103834
-3.79591836734694	5.03382974475783
-3.79591836734694	5.19795557798966
-3.79591836734694	5.36823923676318
-3.79591836734694	5.54411334988005
-3.79591836734694	5.72506272370333
-3.79591836734694	5.9106212503578
-3.79591836734694	5.96653623186522
-3.79591836734694	5.96653623186524
-3.79591836734694	6.10036834632546
-3.79591836734694	6.29392519635742
-3.79591836734694	6.49095099462787
-3.79591836734694	6.69113931052127
-3.79591836734694	6.89421465808616
-3.55102040816326	3.55313097025639
-3.55102040816326	3.56997054786447
-3.55102040816326	3.6034136251989
-3.55102040816326	3.65300421800236
-3.55102040816326	3.71809627363812
-3.55102040816326	3.79789283737245
-3.55102040816326	3.89148944867038
-3.55102040816326	3.99791699199539
-3.55102040816326	4.11618032178897
-3.55102040816326	4.24529040572075
-3.55102040816326	4.38428909142077
-3.55102040816326	4.53226665877267
-3.55102040816326	4.68837299242693
-3.55102040816326	4.85182353212056
-3.55102040816326	5.02190122148813
-3.55102040816326	5.19795557798966
-3.55102040816326	5.37939982934419
-3.55102040816326	5.56570686238213
-3.55102040816326	5.75640454214359
-3.55102040816326	5.9293117420693
-3.55102040816326	5.92931174206932
-3.55102040816326	5.95107079847651
-3.55102040816326	6.14932874913782
-3.55102040816326	6.3508420309665
-3.55102040816326	6.55531043966898
-3.55102040816326	6.76246592889016
-3.30612244897959	3.30838924557705
-3.30612244897959	3.32646800992803
-3.30612244897959	3.36233393087657
-3.30612244897959	3.41542669738319
-3.30612244897959	3.48495905406311
-3.30612244897959	3.56997054786447
-3.30612244897959	3.66938548500531
-3.30612244897959	3.78206821505645
-3.30612244897959	3.90687088984747
-3.30612244897959	4.04267118838021
-3.30612244897959	4.18839952077234
-3.30612244897959	4.34305661656364
-3.30612244897959	4.50572314113651
-3.30612244897959	4.67556320621309
-3.30612244897959	4.85182353212056
-3.30612244897959	5.03382974475783
-3.30612244897959	5.22098096457008
-3.30612244897959	5.41274353599192
-3.30612244897959	5.60864448519124
-3.30612244897959	5.80826509010519
-3.30612244897959	5.89208725227339
-3.30612244897959	5.89208725227341
-3.30612244897959	6.01123479606543
-3.30612244897959	6.21722560397687
-3.30612244897959	6.42594698615605
-3.30612244897959	6.63714133854742
-3.06122448979592	3.06367249057881
-3.06122448979592	3.08318652539123
-3.06122448979592	3.1218486817915
-3.06122448979592	3.17896040467278
-3.06122448979592	3.25355026667423
-3.06122448979592	3.34444904908106
-3.06122448979592	3.45036803353601
-3.06122448979592	3.56997054786447
-3.06122448979592	3.70193056110146
-3.06122448979592	3.84497595137329
-3.06122448979592	3.99791699199539
-3.06122448979592	4.15966230648074
-3.06122448979592	4.32922519093805
-3.06122448979592	4.50572314113651
-3.06122448979592	4.68837299242693
-3.06122448979592	4.87648353103834
-3.06122448979592	5.06944690885334
-3.06122448979592	5.26672975533222
-3.06122448979592	5.46786454573864
-3.06122448979592	5.67244154542064
-3.06122448979592	5.85486276247747
-3.06122448979592	5.85486276247749
-3.06122448979592	5.88010148744962
-3.06122448979592	6.09052903613676
-3.06122448979592	6.30344702509408
-3.06122448979592	6.51861142246833
-2.81632653061224	2.81898720813584
-2.81632653061224	2.84018289912078
-2.81632653061224	2.88210668471996
-2.81632653061224	2.94387312983787
-2.81632653061224	2.95205267576971
-2.81632653061224	3.02426670250493
-2.81632653061224	3.1218486817915
-2.81632653061224	3.23506403598928
-2.81632653061224	3.36233393087657
-2.81632653061224	3.50212644393676
-2.81632653061224	3.65300421800236
-2.81632653061224	3.81365179650549
-2.81632653061224	3.8136517965055
-2.81632653061224	3.982887175663
-2.81632653061224	4.15966230648074
-2.81632653061224	4.34305661656364
-2.81632653061224	4.53226665877267
-2.81632653061224	4.72659405688623
-2.81632653061224	4.92543314966174
-2.81632653061224	5.12825916523394
-2.81632653061224	5.33461736590824
-2.81632653061224	5.54411334988005
-2.81632653061224	5.75640454214359
-2.81632653061224	5.81763827268155
-2.81632653061224	5.81763827268157
-2.81632653061224	5.97119281970773
-2.81632653061224	6.18821817232324
-2.81632653061224	6.40725328258831
-2.57142857142857	2.57434237244432
-2.57142857142857	2.59753511456283
-2.57142857142857	2.64331018101097
-2.57142857142857	2.71052370871575
-2.57142857142857	2.76308958244193
-2.57142857142857	2.79763093684797
-2.57142857142857	2.90284153252156
-2.57142857142857	2.91482818597379
-2.57142857142857	2.9148281859738
-2.57142857142857	3.02426670250493
-2.57142857142857	3.16003785319933
-2.57142857142857	3.30838924557705
-2.57142857142857	3.46770667555256
-2.57142857142857	3.63654916038796
-2.57142857142857	3.81365179650549
-2.57142857142857	3.8136517965055
-2.57142857142857	3.99791699199539
-2.57142857142857	4.18839952077234
-2.57142857142857	4.38428909142077
-2.57142857142857	4.5848927086161
-2.57142857142857	4.78961809361827
-2.57142857142857	4.99795876701026
-2.57142857142857	5.20948099253453
-2.57142857142857	5.4238125527388
-2.57142857142857	5.64063321123968
-2.57142857142857	5.78041378288563
-2.57142857142857	5.78041378288565
-2.57142857142857	5.85966666808428
-2.57142857142857	6.08067380470292
-2.57142857142857	6.08067380470293
-2.57142857142857	6.30344702509408
-2.3265306122449	2.32975072536006
-2.3265306122449	2.35535315040874
-2.3265306122449	2.36102815817301
-2.3265306122449	2.40574073931288
-2.3265306122449	2.47940286505917
-2.3265306122449	2.57434237244432
-2.3265306122449	2.68830592654288
-2.3265306122449	2.72586509264601
-2.3265306122449	2.81898720813584
-2.3265306122449	2.87760369617787
-2.3265306122449	2.87760369617788
-2.3265306122449	2.96417594373311
-2.3265306122449	3.1218486817915
-2.3265306122449	3.29021114511292
-2.3265306122449	3.46770667555256
-2.3265306122449	3.65300421800236
-2.3265306122449	3.84497595137329
-2.3265306122449	4.04267118838021
-2.3265306122449	4.24529040572075
-2.3265306122449	4.45216137861988
-2.3265306122449	4.66271822807994
-2.3265306122449	4.87648353103834
-2.3265306122449	5.09305330851072
-2.3265306122449	5.31208456248584
-2.3265306122449	5.53328499315674
-2.3265306122449	5.74318929308971
-2.3265306122449	5.74318929308973
-2.3265306122449	5.75640454214359
-2.3265306122449	5.98122844497297
-2.3265306122449	6.20757152112812
-2.08163265306122	2.08523098358282
-2.08163265306122	2.08523098358283
-2.08163265306122	2.11379712264882
-2.08163265306122	2.16980144653094
-2.08163265306122	2.25119709928778
-2.08163265306122	2.3238036683771
-2.08163265306122	2.35535315040874
-2.08163265306122	2.47940286505917
-2.08163265306122	2.62052259906523
-2.08163265306122	2.68864060285009
-2.08163265306122	2.77611037928685
-2.08163265306122	2.84037920638195
-2.08163265306122	2.84037920638196
-2.08163265306122	2.94387312983787
-2.08163265306122	3.1218486817915
-2.08163265306122	3.30838924557705
-2.08163265306122	3.50212644393676
-2.08163265306122	3.70193056110146
-2.08163265306122	3.90687088984747
-2.08163265306122	4.11618032178897
-2.08163265306122	4.32922519093805
-2.08163265306122	4.54548029222953
-2.08163265306122	4.76450852041071
-2.08163265306122	4.98594442567404
-2.08163265306122	5.20948099253453
-2.08163265306122	5.43485902559318
-2.08163265306122	5.66185862287195
-2.08163265306122	5.70596480329379
-2.08163265306122	5.70596480329381
-2.08163265306122	5.89029231223136
-2.08163265306122	6.11999951000806
-2.08163265306122	6.11999951000807
-1.83673469387755	1.84081180143342
-1.83673469387755	1.8731092090749
-1.83673469387755	1.9360883633684
-1.83673469387755	2.02689126823431
-1.83673469387755	2.14198232871868
-1.83673469387755	2.27768268217203
-1.83673469387755	2.28657917858118
-1.83673469387755	2.43054284587092
-1.83673469387755	2.59753511456283
-1.83673469387755	2.65141611305417
-1.83673469387755	2.77611037928685
-1.83673469387755	2.80315471658603
-1.83673469387755	2.80315471658604
-1.83673469387755	2.96417594373311
-1.83673469387755	3.16003785319933
-1.83673469387755	3.36233393087657
-1.83673469387755	3.56997054786447
-1.83673469387755	3.78206821505645
-1.83673469387755	3.99791699199539
-1.83673469387755	4.21694090393206
-1.83673469387755	4.43866994948372
-1.83673469387755	4.66271822807994
-1.83673469387755	4.88876688432909
-1.83673469387755	5.11655079570029
-1.83673469387755	5.34584815174116
-1.83673469387755	5.57647226289096
-1.83673469387755	5.66874031349788
-1.83673469387755	5.6687403134979
-1.83673469387755	5.80826509010519
-1.83673469387755	6.04109210622564
-1.59183673469388	1.59653936453942
-1.59183673469388	1.63367315070935
-1.59183673469388	1.7055169319001
-1.59183673469388	1.8079375175796
-1.59183673469388	1.9360883633684
-1.59183673469388	2.08523098358283
-1.59183673469388	2.24935468878526
-1.59183673469388	2.25119709928778
-1.59183673469388	2.43054284587092
-1.59183673469388	2.61419162325826
-1.59183673469388	2.62052259906523
-1.59183673469388	2.76593022679011
-1.59183673469388	2.76593022679012
-1.59183673469388	2.81898720813584
-1.59183673469388	3.02426670250493
-1.59183673469388	3.23506403598928
-1.59183673469388	3.45036803353601
-1.59183673469388	3.66938548500531
-1.59183673469388	3.89148944867038
-1.59183673469388	4.11618032178897
-1.59183673469388	4.34305661656364
-1.59183673469388	4.57179298839048
-1.59183673469388	4.8021236451741
-1.59183673469388	5.03382974475783
-1.59183673469388	5.26672975533222
-1.59183673469388	5.50067202739989
-1.59183673469388	5.63151582370196
-1.59183673469388	5.63151582370198
-1.59183673469388	5.73552902626794
-1.59183673469388	5.97119281970773
-1.3469387755102	1.35249318577803
-1.3469387755102	1.39613317359078
-1.3469387755102	1.47955664982791
-1.3469387755102	1.59653936453942
-1.3469387755102	1.74032698819003
-1.3469387755102	1.90485908401274
-1.3469387755102	2.08523098358282
-1.3469387755102	2.08523098358283
-1.3469387755102	2.21213019898934
-1.3469387755102	2.27768268217203
-1.3469387755102	2.47940286505917
-1.3469387755102	2.57696713346234
-1.3469387755102	2.68830592654288
-1.3469387755102	2.7287057369942
-1.3469387755102	2.90284153252156
-1.3469387755102	3.1218486817915
-1.3469387755102	3.34444904908106
-1.3469387755102	3.56997054786447
-1.3469387755102	3.79789283737245
-1.3469387755102	4.0278083763425
-1.3469387755102	4.25939439941047
-1.3469387755102	4.49239257008428
-1.3469387755102	4.72659405688623
-1.3469387755102	4.9618284708624
-1.3469387755102	5.19795557798966
-1.3469387755102	5.43485902559318
-1.3469387755102	5.59429133390604
-1.3469387755102	5.59429133390606
-1.3469387755102	5.67244154542064
-1.3469387755102	5.9106212503578
-1.10204081632653	1.10882266997601
-1.10204081632653	1.1355611783228
-1.10204081632653	1.16165301802104
-1.10204081632653	1.26068940501882
-1.10204081632653	1.39613317359078
-1.10204081632653	1.5585210687377
-1.10204081632653	1.74032698819003
-1.10204081632653	1.9360883633684
-1.10204081632653	2.14198232871868
-1.10204081632653	2.17490570919342
-1.10204081632653	2.35535315040874
-1.10204081632653	2.53974264366642
-1.10204081632653	2.57434237244432
-1.10204081632653	2.69148124719828
-1.10204081632653	2.69148124719829
-1.10204081632653	2.79763093684797
-1.10204081632653	3.02426670250493
-1.10204081632653	3.25355026667423
-1.10204081632653	3.48495905406311
-1.10204081632653	3.71809627363812
-1.10204081632653	3.95265609589444
-1.10204081632653	4.18839952077234
-1.10204081632653	4.42513738765534
-1.10204081632653	4.66271822807994
-1.10204081632653	4.90101945212804
-1.10204081632653	5.13994086411805
-1.10204081632653	5.3793998293442
-1.10204081632653	5.55706684411012
-1.10204081632653	5.55706684411014
-1.10204081632653	5.6193276272247
-1.10204081632653	5.85966666808428
-0.85714285714286	0.86584503818761
-0.85714285714286	0.90436022155362
-0.85714285714286	0.93254364561599
-0.85714285714286	1.05334595106644
-0.85714285714286	1.09833668852688
-0.85714285714286	1.21218305346265
-0.85714285714286	1.39613317359078
-0.85714285714286	1.59653936453942
-0.85714285714286	1.8079375175796
-0.85714285714286	2.02689126823431
-0.85714285714286	2.1376812193975
-0.85714285714286	2.25119709928778
-0.85714285714286	2.47940286505917
-0.85714285714286	2.5025181538705
-0.85714285714286	2.65425675740236
-0.85714285714286	2.65425675740237
-0.85714285714286	2.71052370871575
-0.85714285714286	2.94387312983787
-0.85714285714286	3.17896040467278
-0.85714285714286	3.41542669738319
-0.85714285714286	3.65300421800236
-0.85714285714286	3.89148944867038
-0.85714285714286	4.13072517390196
-0.85714285714286	4.3705881545081
-0.85714285714286	4.61098050214598
-0.85714285714286	4.85182353212056
-0.85714285714286	5.09305330851071
-0.85714285714286	5.09305330851072
-0.85714285714286	5.33461736590824
-0.85714285714286	5.5198423543142
-0.85714285714286	5.51984235431422
-0.85714285714286	5.57647226289095
-0.85714285714286	5.57647226289096
-0.85714285714286	5.81858173249799
-0.61224489795918	0.6243697363583
-0.61224489795918	0.71399410957289
-0.61224489795918	0.86584503818761
-0.61224489795918	0.86713573175771
-0.61224489795918	1.05334595106644
-0.61224489795918	1.06111219873096
-0.61224489795918	1.06111219873097
-0.61224489795918	1.26068940501882
-0.61224489795918	1.47955664982791
-0.61224489795918	1.7055169319001
-0.61224489795918	1.9360883633684
-0.61224489795918	2.10045672960158
-0.61224489795918	2.16980144653094
-0.61224489795918	2.40574073931288
-0.61224489795918	2.46529366407458
-0.61224489795918	2.61703226760644
-0.61224489795918	2.61703226760645
-0.61224489795918	2.64331018101097
-0.61224489795918	2.88210668471996
-0.61224489795918	3.1218486817915
-0.61224489795918	3.36233393087657
-0.61224489795918	3.6034136251989
-0.61224489795918	3.84497595137329
-0.61224489795918	4.08693533100701
-0.61224489795918	4.32922519093805
-0.61224489795918	4.57179298839048
-0.61224489795918	4.81459671461327
-0.61224489795918	5.05760239054613
-0.61224489795918	5.30078224210123
-0.61224489795918	5.48261786451828
-0.61224489795918	5.4826178645183
-0.61224489795918	5.54411334988005
-0.61224489795918	5.78757663580235
-0.36734693877551	0.38721767267368
-0.36734693877551	0.42820935081494
-0.36734693877551	0.51950702291257
-0.36734693877551	0.71399410957289
-0.36734693877551	0.82991124196179
-0.36734693877551	0.93254364561599
-0.36734693877551	1.02388770893504
-0.36734693877551	1.02388770893505
-0.36734693877551	1.16165301802104
-0.36734693877551	1.39613317359078
-0.36734693877551	1.63367315070935
-0.36734693877551	1.8731092090749
-0.36734693877551	2.06323223980567
-0.36734693877551	2.11379712264882
-0.36734693877551	2.35535315040874
-0.36734693877551	2.42806917427866
-0.36734693877551	2.57980777781052
-0.36734693877551	2.57980777781053
-0.36734693877551	2.59753511456283
-0.36734693877551	2.84018289912078
-0.36734693877551	3.08318652539123
-0.36734693877551	3.32646800992803
-0.36734693877551	3.56997054786447
-0.36734693877551	3.8136517965055
-0.36734693877551	4.0574795573341
-0.36734693877551	4.30142891516334
-0.36734693877551	4.54548029222953
-0.36734693877551	4.78961809361827
-0.36734693877551	5.03382974475783
-0.36734693877551	5.2781049948373
-0.36734693877551	5.44539337472237
-0.36734693877551	5.44539337472239
-0.36734693877551	5.52243540430025
-0.36734693877551	5.76681396211426
-0.12244897959184	0.17316900763752
-0.12244897959184	0.18651726261976
-0.12244897959184	0.32764668339768
-0.12244897959184	0.38721767267368
-0.12244897959184	0.39098486101902
-0.12244897959184	0.6243697363583
-0.12244897959184	0.79268675216587
-0.12244897959184	0.86584503818761
-0.12244897959184	0.98666321913913
-0.12244897959184	1.10882266997601
-0.12244897959184	1.35249318577803
-0.12244897959184	1.59653936453942
-0.12244897959184	1.84081180143342
-0.12244897959184	2.02600775000975
-0.12244897959184	2.08523098358282
-0.12244897959184	2.08523098358283
-0.12244897959184	2.32975072536006
-0.12244897959184	2.39084468448275
-0.12244897959184	2.5425832880146
-0.12244897959184	2.54258328801461
-0.12244897959184	2.57434237244432
-0.12244897959184	2.81898720813584
-0.12244897959184	3.06367249057881
-0.12244897959184	3.30838924557705
-0.12244897959184	3.55313097025639
-0.12244897959184	3.79789283737245
-0.12244897959184	4.04267118838021
-0.12244897959184	4.28746320000284
-0.12244897959184	4.53226665877267
-0.12244897959184	4.77707980484845
-0.12244897959184	5.02190122148813
-0.12244897959184	5.26672975533222
-0.12244897959184	5.40816888492645
-0.12244897959184	5.40816888492647
-0.12244897959184	5.51156445792338
-0.12244897959184	5.75640454214359
0.12244897959184	0.17316900763752
0.12244897959184	0.29042219360176
0.12244897959184	0.35376037122311
0.12244897959184	0.38721767267368
0.12244897959184	0.6243697363583
0.12244897959184	0.75546226236995
0.12244897959184	0.86584503818761
0.12244897959184	0.94943872934321
0.12244897959184	1.10882266997601
0.12244897959184	1.35249318577803
0.12244897959184	1.59653936453942
0.12244897959184	1.84081180143342
0.12244897959184	1.98878326021383
0.12244897959184	2.08523098358282
0.12244897959184	2.32975072536006
0.12244897959184	2.35362019468683
0.12244897959184	2.50535879821869
0.12244897959184	2.57434237244432
0.12244897959184	2.81898720813584
0.12244897959184	3.06367249057881
0.12244897959184	3.30838924557705
0.12244897959184	3.55313097025639
0.12244897959184	3.79789283737245
0.12244897959184	4.04267118838021
0.12244897959184	4.28746320000284
0.12244897959184	4.53226665877267
0.12244897959184	4.77707980484845
0.12244897959184	5.02190122148813
0.12244897959184	5.26672975533222
0.12244897959184	5.37094439513053
0.12244897959184	5.37094439513055
0.12244897959184	5.51156445792338
0.12244897959184	5.75640454214359
0.36734693877551	0.38721767267368
0.36734693877551	0.51950702291257
0.36734693877551	0.71399410957289
0.36734693877551	0.71823777257403
0.36734693877551	0.91221423954729
0.36734693877551	0.93254364561599
0.36734693877551	1.16165301802104
0.36734693877551	1.39613317359078
0.36734693877551	1.63367315070935
0.36734693877551	1.8731092090749
0.36734693877551	1.95155877041791
0.36734693877551	2.11379712264882
0.36734693877551	2.31639570489091
0.36734693877551	2.35535315040874
0.36734693877551	2.46813430842277
0.36734693877551	2.46813430842278
0.36734693877551	2.59753511456283
0.36734693877551	2.84018289912078
0.36734693877551	3.08318652539123
0.36734693877551	3.32646800992803
0.36734693877551	3.56997054786447
0.36734693877551	3.8136517965055
0.36734693877551	4.0574795573341
0.36734693877551	4.30142891516334
0.36734693877551	4.54548029222953
0.36734693877551	4.78961809361827
0.36734693877551	5.03382974475783
0.36734693877551	5.2781049948373
0.36734693877551	5.33371990533461
0.36734693877551	5.33371990533463
0.36734693877551	5.52243540430025
0.36734693877551	5.76681396211426
0.61224489795918	0.6243697363583
0.61224489795918	0.68101328277811
0.61224489795918	0.71399410957289
0.61224489795918	0.86584503818761
0.61224489795918	0.87498974975137
0.61224489795918	1.05334595106644
0.61224489795918	1.26068940501882
0.61224489795918	1.47955664982791
0.61224489795918	1.7055169319001
0.61224489795918	1.91433428062199
0.61224489795918	1.9360883633684
0.61224489795918	2.16980144653094
0.61224489795918	2.27917121509499
0.61224489795918	2.40574073931288
0.61224489795918	2.43090981862685
0.61224489795918	2.43090981862686
0.61224489795918	2.64331018101097
0.61224489795918	2.88210668471996
0.61224489795918	3.1218486817915
0.61224489795918	3.36233393087657
0.61224489795918	3.6034136251989
0.61224489795918	3.84497595137329
0.61224489795918	4.08693533100701
0.61224489795918	4.32922519093805
0.61224489795918	4.57179298839048
0.61224489795918	4.81459671461327
0.61224489795918	5.05760239054613
0.61224489795918	5.29649541553869
0.61224489795918	5.29649541553871
0.61224489795918	5.30078224210123
0.61224489795918	5.54411334988005
0.61224489795918	5.78757663580235
0.85714285714286	0.86584503818761
0.85714285714286	0.93254364561599
0.85714285714286	1.05334595106644
0.85714285714286	1.21218305346265
0.85714285714286	1.39613317359078
0.85714285714286	1.59653936453942
0.85714285714286	1.8079375175796
0.85714285714286	1.87710979082607
0.85714285714286	2.02689126823431
0.85714285714286	2.24194672529907
0.85714285714286	2.25119709928778
0.85714285714286	2.39368532883093
0.85714285714286	2.39368532883094
0.85714285714286	2.47940286505917
0.85714285714286	2.71052370871575
0.85714285714286	2.94387312983787
0.85714285714286	3.17896040467278
0.85714285714286	3.41542669738319
0.85714285714286	3.65300421800236
0.85714285714286	3.89148944867038
0.85714285714286	4.13072517390196
0.85714285714286	4.3705881545081
0.85714285714286	4.61098050214598
0.85714285714286	4.85182353212056
0.85714285714286	5.09305330851071
0.85714285714286	5.09305330851072
0.85714285714286	5.25927092574277
0.85714285714286	5.25927092574279
0.85714285714286	5.33461736590824
0.85714285714286	5.57647226289095
0.85714285714286	5.57647226289096
0.85714285714286	5.81858173249799
1.10204081632653	1.10882266997601
1.10204081632653	1.16165301802104
1.10204081632653	1.26068940501882
1.10204081632653	1.39613317359078
1.10204081632653	1.5585210687377
1.10204081632653	1.74032698819003
1.10204081632653	1.83988530103016
1.10204081632653	1.9360883633684
1.10204081632653	2.14198232871868
1.10204081632653	2.20472223550315
1.10204081632653	2.35535315040874
1.10204081632653	2.35646083903501
1.10204081632653	2.35646083903502
1.10204081632653	2.57434237244432
1.10204081632653	2.79763093684797
1.10204081632653	3.02426670250493
1.10204081632653	3.25355026667423
1.10204081632653	3.48495905406311
1.10204081632653	3.71809627363812
1.10204081632653	3.95265609589444
1.10204081632653	4.18839952077234
1.10204081632653	4.42513738765534
1.10204081632653	4.66271822807994
1.10204081632653	4.90101945212804
1.10204081632653	5.13994086411805
1.10204081632653	5.22204643594686
1.10204081632653	5.22204643594688
1.10204081632653	5.3793998293442
1.10204081632653	5.6193276272247
1.10204081632653	5.85966666808428
1.3469387755102	1.35249318577803
1.3469387755102	1.39613317359078
1.3469387755102	1.47955664982791
1.3469387755102	1.59653936453942
1.3469387755102	1.74032698819003
1.3469387755102	1.80266081123424
1.3469387755102	1.90485908401274
1.3469387755102	2.08523098358282
1.3469387755102	2.08523098358283
1.3469387755102	2.16749774570724
1.3469387755102	2.27768268217203
1.3469387755102	2.31923634923909
1.3469387755102	2.3192363492391
1.3469387755102	2.47940286505917
1.3469387755102	2.68830592654288
1.3469387755102	2.90284153252156
1.3469387755102	3.1218486817915
1.3469387755102	3.34444904908106
1.3469387755102	3.56997054786447
1.3469387755102	3.79789283737245
1.3469387755102	4.0278083763425
1.3469387755102	4.25939439941047
1.3469387755102	4.49239257008428
1.3469387755102	4.72659405688623
1.3469387755102	4.9618284708624
1.3469387755102	5.18482194615094
1.3469387755102	5.18482194615096
1.3469387755102	5.19795557798966
1.3469387755102	5.43485902559318
1.3469387755102	5.67244154542064
1.3469387755102	5.9106212503578
1.59183673469388	1.59653936453942
1.59183673469388	1.63367315070935
1.59183673469388	1.7055169319001
1.59183673469388	1.76543632143832
1.59183673469388	1.8079375175796
1.59183673469388	1.9360883633684
1.59183673469388	2.08523098358282
1.59183673469388	2.13027325591132
1.59183673469388	2.25119709928778
1.59183673469388	2.28201185944318
1.59183673469388	2.43054284587092
1.59183673469388	2.62052259906523
1.59183673469388	2.81898720813584
1.59183673469388	3.02426670250493
1.59183673469388	3.23506403598928
1.59183673469388	3.45036803353601
1.59183673469388	3.66938548500531
1.59183673469388	3.89148944867038
1.59183673469388	4.11618032178897
1.59183673469388	4.34305661656364
1.59183673469388	4.57179298839048
1.59183673469388	4.8021236451741
1.59183673469388	5.03382974475783
1.59183673469388	5.14759745635502
1.59183673469388	5.14759745635504
1.59183673469388	5.26672975533222
1.59183673469388	5.50067202739989
1.59183673469388	5.73552902626794
1.59183673469388	5.97119281970773
1.83673469387755	1.84081180143342
1.83673469387755	1.8731092090749
1.83673469387755	1.9360883633684
1.83673469387755	2.02689126823431
1.83673469387755	2.0930487661154
1.83673469387755	2.14198232871868
1.83673469387755	2.24478736964726
1.83673469387755	2.24478736964727
1.83673469387755	2.27768268217203
1.83673469387755	2.43054284587092
1.83673469387755	2.59753511456283
1.83673469387755	2.77611037928685
1.83673469387755	2.96417594373311
1.83673469387755	3.16003785319933
1.83673469387755	3.36233393087657
1.83673469387755	3.56997054786447
1.83673469387755	3.78206821505645
1.83673469387755	3.99791699199539
1.83673469387755	4.21694090393206
1.83673469387755	4.43866994948372
1.83673469387755	4.66271822807994
1.83673469387755	4.88876688432909
1.83673469387755	5.1103729665591
1.83673469387755	5.11037296655912
1.83673469387755	5.11655079570029
1.83673469387755	5.34584815174116
1.83673469387755	5.57647226289096
1.83673469387755	5.80826509010519
1.83673469387755	6.04109210622564
2.08163265306122	2.08523098358282
2.08163265306122	2.11379712264882
2.08163265306122	2.16980144653094
2.08163265306122	2.20756287985134
2.08163265306122	2.20756287985135
2.08163265306122	2.25119709928778
2.08163265306122	2.35535315040874
2.08163265306122	2.47940286505917
2.08163265306122	2.62052259906523
2.08163265306122	2.77611037928685
2.08163265306122	2.94387312983787
2.08163265306122	3.1218486817915
2.08163265306122	3.30838924557705
2.08163265306122	3.50212644393676
2.08163265306122	3.70193056110146
2.08163265306122	3.90687088984746
2.08163265306122	3.90687088984747
2.08163265306122	4.11618032178896
2.08163265306122	4.11618032178897
2.08163265306122	4.32922519093805
2.08163265306122	4.54548029222953
2.08163265306122	4.76450852041071
2.08163265306122	4.98594442567404
2.08163265306122	5.07314847676318
2.08163265306122	5.0731484767632
2.08163265306122	5.20948099253453
2.08163265306122	5.43485902559318
2.08163265306122	5.66185862287195
2.08163265306122	5.89029231223136
2.08163265306122	6.11999951000806
2.3265306122449	2.32975072536006
2.3265306122449	2.35535315040874
2.3265306122449	2.40574073931288
2.3265306122449	2.47940286505917
2.3265306122449	2.57434237244432
2.3265306122449	2.68830592654288
2.3265306122449	2.81898720813584
2.3265306122449	2.96417594373311
2.3265306122449	3.1218486817915
2.3265306122449	3.29021114511292
2.3265306122449	3.46770667555256
2.3265306122449	3.65300421800236
2.3265306122449	3.84497595137329
2.3265306122449	4.04267118838021
2.3265306122449	4.24529040572075
2.3265306122449	4.45216137861988
2.3265306122449	4.66271822807994
2.3265306122449	4.87648353103834
2.3265306122449	5.03592398696726
2.3265306122449	5.03592398696728
2.3265306122449	5.09305330851072
2.3265306122449	5.31208456248584
2.3265306122449	5.53328499315674
2.3265306122449	5.75640454214359
2.3265306122449	5.98122844497297
2.3265306122449	6.20757152112812
2.57142857142857	2.57434237244432
2.57142857142857	2.59753511456283
2.57142857142857	2.64331018101097
2.57142857142857	2.71052370871575
2.57142857142857	2.79763093684797
2.57142857142857	2.90284153252156
2.57142857142857	3.02426670250493
2.57142857142857	3.16003785319933
2.57142857142857	3.30838924557705
2.57142857142857	3.46770667555256
2.57142857142857	3.63654916038796
2.57142857142857	3.81365179650549
2.57142857142857	3.99791699199539
2.57142857142857	4.18839952077234
2.57142857142857	4.38428909142077
2.57142857142857	4.58489270861609
2.57142857142857	4.78961809361827
2.57142857142857	4.99795876701026
2.57142857142857	4.99869949717135
2.57142857142857	4.99869949717137
2.57142857142857	5.20948099253453
2.57142857142857	5.4238125527388
2.57142857142857	5.64063321123968
2.57142857142857	5.85966666808428
2.57142857142857	6.08067380470292
2.57142857142857	6.08067380470293
2.57142857142857	6.30344702509408
2.81632653061224	2.81898720813584
2.81632653061224	2.84018289912078
2.81632653061224	2.88210668471996
2.81632653061224	2.94387312983787
2.81632653061224	3.02426670250493
2.81632653061224	3.1218486817915
2.81632653061224	3.23506403598928
2.81632653061224	3.36233393087657
2.81632653061224	3.50212644393676
2.81632653061224	3.65300421800236
2.81632653061224	3.81365179650549
2.81632653061224	3.982887175663
2.81632653061224	4.15966230648074
2.81632653061224	4.34305661656364
2.81632653061224	4.53226665877267
2.81632653061224	4.72659405688623
2.81632653061224	4.92543314966174
2.81632653061224	4.96147500737543
2.81632653061224	4.96147500737545
2.81632653061224	5.12825916523394
2.81632653061224	5.33461736590824
2.81632653061224	5.54411334988005
2.81632653061224	5.75640454214359
2.81632653061224	5.97119281970773
2.81632653061224	6.18821817232324
2.81632653061224	6.40725328258831
3.06122448979592	3.06367249057881
3.06122448979592	3.08318652539123
3.06122448979592	3.1218486817915
3.06122448979592	3.17896040467278
3.06122448979592	3.25355026667423
3.06122448979592	3.34444904908106
3.06122448979592	3.45036803353601
3.06122448979592	3.56997054786447
3.06122448979592	3.70193056110146
3.06122448979592	3.84497595137329
3.06122448979592	3.99791699199539
3.06122448979592	4.15966230648074
3.06122448979592	4.32922519093805
3.06122448979592	4.50572314113651
3.06122448979592	4.68837299242693
3.06122448979592	4.87648353103834
3.06122448979592	4.92425051757951
3.06122448979592	4.92425051757953
3.06122448979592	5.06944690885334
3.06122448979592	5.26672975533222
3.06122448979592	5.46786454573864
3.06122448979592	5.67244154542064
3.06122448979592	5.88010148744962
3.06122448979592	6.09052903613676
3.06122448979592	6.30344702509408
3.06122448979592	6.51861142246833
3.30612244897959	3.30838924557705
3.30612244897959	3.32646800992803
3.30612244897959	3.36233393087657
3.30612244897959	3.41542669738319
3.30612244897959	3.48495905406311
3.30612244897959	3.56997054786447
3.30612244897959	3.66938548500531
3.30612244897959	3.78206821505645
3.30612244897959	3.90687088984746
3.30612244897959	3.90687088984747
3.30612244897959	4.04267118838021
3.30612244897959	4.18839952077234
3.30612244897959	4.34305661656364
3.30612244897959	4.50572314113651
3.30612244897959	4.67556320621309
3.30612244897959	4.85182353212056
3.30612244897959	4.88702602778359
3.30612244897959	4.88702602778361
3.30612244897959	5.03382974475783
3.30612244897959	5.22098096457008
3.30612244897959	5.41274353599192
3.30612244897959	5.60864448519124
3.30612244897959	5.80826509010519
3.30612244897959	6.01123479606542
3.30612244897959	6.01123479606543
3.30612244897959	6.21722560397687
3.30612244897959	6.42594698615605
3.30612244897959	6.63714133854742
3.55102040816326	3.55313097025639
3.55102040816326	3.56997054786447
3.55102040816326	3.6034136251989
3.55102040816326	3.65300421800236
3.55102040816326	3.71809627363812
3.55102040816326	3.79789283737245
3.55102040816326	3.89148944867038
3.55102040816326	3.99791699199539
3.55102040816326	4.11618032178896
3.55102040816326	4.11618032178897
3.55102040816326	4.24529040572075
3.55102040816326	4.38428909142077
3.55102040816326	4.53226665877267
3.55102040816326	4.68837299242693
3.55102040816326	4.84980153798767
3.55102040816326	4.84980153798769
3.55102040816326	4.85182353212056
3.55102040816326	5.02190122148813
3.55102040816326	5.19795557798966
3.55102040816326	5.37939982934419
3.55102040816326	5.56570686238213
3.55102040816326	5.75640454214359
3.55102040816326	5.95107079847651
3.55102040816326	6.14932874913782
3.55102040816326	6.3508420309665
3.55102040816326	6.55531043966898
3.55102040816326	6.76246592889016
3.55102040816326	6.81849074884644
3.55102040816326	6.81849074884646
3.79591836734694	3.79789283737245
3.79591836734694	3.8136517965055
3.79591836734694	3.84497595137329
3.79591836734694	3.89148944867038
3.79591836734694	3.95265609589444
3.79591836734694	4.0278083763425
3.79591836734694	4.11618032178897
3.79591836734694	4.21694090393206
3.79591836734694	4.32922519093805
3.79591836734694	4.45216137861988
3.79591836734694	4.58489270861609
3.79591836734694	4.5848927086161
3.79591836734694	4.72659405688623
3.79591836734694	4.81257704819175
3.79591836734694	4.81257704819177
3.79591836734694	4.87648353103834
3.79591836734694	5.03382974475783
3.79591836734694	5.19795557798966
3.79591836734694	5.36823923676318
3.79591836734694	5.54411334988005
3.79591836734694	5.72506272370333
3.79591836734694	5.9106212503578
3.79591836734694	6.10036834632546
3.79591836734694	6.29392519635742
3.79591836734694	6.49095099462787
3.79591836734694	6.69113931052127
3.79591836734694	6.78126625905052
3.79591836734694	6.78126625905054
3.79591836734694	6.89421465808616
4.04081632653061	4.04267118838021
4.04081632653061	4.0574795573341
4.04081632653061	4.08693533100701
4.04081632653061	4.13072517390196
4.04081632653061	4.18839952077234
4.04081632653061	4.25939439941047
4.04081632653061	4.34305661656364
4.04081632653061	4.43866994948372
4.04081632653061	4.54548029222953
4.04081632653061	4.66271822807994
4.04081632653061	4.77535255839584
4.04081632653061	4.77535255839586
4.04081632653061	4.78961809361827
4.04081632653061	4.92543314966174
4.04081632653061	5.06944690885334
4.04081632653061	5.22098096457008
4.04081632653061	5.37939982934419
4.04081632653061	5.54411334988005
4.04081632653061	5.71457725203822
4.04081632653061	5.89029231223136
4.04081632653061	6.07080257448516
4.04081632653061	6.25569295074847
4.04081632653061	6.44458646544038
4.04081632653061	6.63714133854742
4.04081632653061	6.7440417692546
4.04081632653061	6.74404176925462
4.04081632653061	6.8330480465161
4.04081632653061	7.03202645650346
4.28571428571429	4.28746320000284
4.28571428571429	4.30142891516334
4.28571428571429	4.32922519093805
4.28571428571429	4.3705881545081
4.28571428571429	4.42513738765534
4.28571428571429	4.49239257008428
4.28571428571429	4.57179298839048
4.28571428571429	4.66271822807994
4.28571428571429	4.73812806859992
4.28571428571429	4.73812806859994
4.28571428571429	4.76450852041071
4.28571428571429	4.87648353103834
4.28571428571429	4.99795876701026
4.28571428571429	5.12825916523394
4.28571428571429	5.26672975533222
4.28571428571429	5.41274353599192
4.28571428571429	5.56570686238213
4.28571428571429	5.72506272370333
4.28571428571429	5.89029231223136
4.28571428571429	6.06091526731326
4.28571428571429	6.23648893628417
4.28571428571429	6.41660694199538
4.28571428571429	6.60089729238052
4.28571428571429	6.70681727945868
4.28571428571429	6.70681727945871
4.28571428571429	6.78902021663467
4.28571428571429	6.98066586795391
4.28571428571429	7.17555199542054
4.53061224489796	4.53226665877267
4.53061224489796	4.54548029222953
4.53061224489796	4.57179298839048
4.53061224489796	4.61098050214598
4.53061224489796	4.66271822807994
4.53061224489796	4.700903578804
4.53061224489796	4.70090357880402
4.53061224489796	4.72659405688623
4.53061224489796	4.8021236451741
4.53061224489796	4.88876688432909
4.53061224489796	4.98594442567404
4.53061224489796	5.09305330851072
4.53061224489796	5.20948099253453
4.53061224489796	5.33461736590824
4.53061224489796	5.46786454573864
4.53061224489796	5.60864448519124
4.53061224489796	5.75640454214359
4.53061224489796	5.9106212503578
4.53061224489796	6.07080257448516
4.53061224489796	6.23648893628417
4.53061224489796	6.40725328258831
4.53061224489796	6.58270043545254
4.53061224489796	6.66959278966277
4.53061224489796	6.66959278966279
4.53061224489796	6.76246592889016
4.53061224489796	6.94621449976302
4.53061224489796	7.13363836585935
4.53061224489796	7.32445539366768
4.77551020408163	4.77707980484845
4.77551020408163	4.78961809361827
4.77551020408163	4.81459671461327
4.77551020408163	4.85182353212056
4.77551020408163	4.90101945212804
4.77551020408163	4.9618284708624
4.77551020408163	5.03382974475783
4.77551020408163	5.11655079570029
4.77551020408163	5.20948099253453
4.77551020408163	5.31208456248584
4.77551020408163	5.4238125527388
4.77551020408163	5.54411334988005
4.77551020408163	5.67244154542064
4.77551020408163	5.80826509010519
4.77551020408163	5.95107079847651
4.77551020408163	6.10036834632546
4.77551020408163	6.25569295074847
4.77551020408163	6.41660694199538
4.77551020408163	6.58270043545254
4.77551020408163	6.63236829986685
4.77551020408163	6.63236829986687
4.77551020408163	6.75359129786335
4.77551020408163	6.92892457998128
4.77551020408163	7.10837156262857
4.77551020408163	7.29162853761277
4.77551020408163	7.47841542102978
5.02040816326531	5.02190122148813
5.02040816326531	5.03382974475783
5.02040816326531	5.05760239054613
5.02040816326531	5.09305330851071
5.02040816326531	5.13994086411805
5.02040816326531	5.19795557798966
5.02040816326531	5.26672975533222
5.02040816326531	5.34584815174116
5.02040816326531	5.43485902559318
5.02040816326531	5.53328499315674
5.02040816326531	5.64063321123968
5.02040816326531	5.75640454214359
5.02040816326531	5.88010148744962
5.02040816326531	6.01123479606542
5.02040816326531	6.01123479606543
5.02040816326531	6.14932874913782
5.02040816326531	6.29392519635742
5.02040816326531	6.44458646544038
5.02040816326531	6.59514381007093
5.02040816326531	6.59514381007095
5.02040816326531	6.60089729238052
5.02040816326531	6.76246592889016
5.02040816326531	6.92892457998128
5.02040816326531	7.09992931313839
5.02040816326531	7.0999293131384
5.02040816326531	7.27515956449614
5.02040816326531	7.45431734949768
5.02040816326531	7.63712626751641
5.26530612244898	5.26672975533222
5.26530612244898	5.2781049948373
5.26530612244898	5.30078224210123
5.26530612244898	5.33461736590824
5.26530612244898	5.3793998293442
5.26530612244898	5.43485902559318
5.26530612244898	5.50067202739989
5.26530612244898	5.57647226289096
5.26530612244898	5.66185862287195
5.26530612244898	5.75640454214359
5.26530612244898	5.85966666808428
5.26530612244898	5.97119281970773
5.26530612244898	6.09052903613676
5.26530612244898	6.21722560397687
5.26530612244898	6.3508420309665
5.26530612244898	6.49095099462787
5.26530612244898	6.55791932027501
5.26530612244898	6.55791932027503
5.26530612244898	6.63714133854742
5.26530612244898	6.78902021663467
5.26530612244898	6.94621449976302
5.26530612244898	7.10837156262857
5.26530612244898	7.27515956449614
5.26530612244898	7.44626732841344
5.26530612244898	7.62140391163858
5.26530612244898	7.80029794708554
5.51020408163265	5.51156445792338
5.51020408163265	5.52243540430025
5.51020408163265	5.54411334988005
5.51020408163265	5.57647226289095
5.51020408163265	5.6193276272247
5.51020408163265	5.67244154542064
5.51020408163265	5.73552902626794
5.51020408163265	5.80826509010519
5.51020408163265	5.89029231223136
5.51020408163265	5.98122844497297
5.51020408163265	6.08067380470292
5.51020408163265	6.18821817232324
5.51020408163265	6.30344702509408
5.51020408163265	6.42594698615605
5.51020408163265	6.52069483047909
5.51020408163265	6.52069483047911
5.51020408163265	6.55531043966898
5.51020408163265	6.69113931052127
5.51020408163265	6.8330480465161
5.51020408163265	6.98066586795391
5.51020408163265	7.13363836585935
5.51020408163265	7.29162853761277
5.51020408163265	7.45431734949768
5.51020408163265	7.62140391163858
5.51020408163265	7.79260534368848
5.51020408163265	7.96765640081507
5.75510204081633	5.75640454214359
5.75510204081633	5.76681396211426
5.75510204081633	5.78757663580235
5.75510204081633	5.81858173249799
5.75510204081633	5.85966666808428
5.75510204081633	5.9106212503578
5.75510204081633	5.97119281970773
5.75510204081633	6.04109210622564
5.75510204081633	6.11999951000806
5.75510204081633	6.20757152112812
5.75510204081633	6.30344702509408
5.75510204081633	6.40725328258831
5.75510204081633	6.48347034068317
5.75510204081633	6.4834703406832
5.75510204081633	6.51861142246833
5.75510204081633	6.63714133854742
5.75510204081633	6.76246592889016
5.75510204081633	6.89421465808616
5.75510204081633	7.03202645650346
5.75510204081633	7.17555199542054
5.75510204081633	7.32445539366768
5.75510204081633	7.47841542102978
5.75510204081633	7.63712626751641
5.75510204081633	7.80029794708554
5.75510204081633	7.96765640081507
5.75510204081633	8.13894335896353
6.0	6.00124934931078
6.0	6.01123479606543
6.0	6.03115609274682
6.0	6.06091526731327
6.0	6.10036834632546
6.0	6.14932874913782
6.0	6.20757152112812
6.0	6.27483819199296
6.0	6.3508420309665
6.0	6.4352734743531
6.0	6.44624585088726
6.0	6.44624585088728
6.0	6.52780551931192
6.0	6.62809890745683
6.0	6.73580695811024
6.0	6.8505799497303
6.0	6.97206898554453
6.0	6.97206898554454
6.0	7.0999293131384
6.0	7.23382309603686
6.0	7.37342165746511
6.0	7.51840723249408
6.0	7.66847427519241
6.0	7.82333037304324
6.0	7.98269682269712
6.0	8.14630892007179
6.0	8.31391601474349
