-4.948508713697956	6.998248136433089
-4.755987329062952	6.725981783235419
-3.3785546434315363	4.7779977979594745
-3.1753590912978016	4.490635892318058
-1.807817667829253	2.5566402641418287
-1.5937777410131138	2.2539420967490993
-0.22485050511008856	0.31798663383312814
0.269928052097659	0.38173591214146074
1.5907784158150549	2.249700410376037
1.8509709666965701	2.617668244661128
3.172443626430225	4.486512802361708
3.423015959043311	4.840875593498597
4.753180685951868	6.722012590482983
4.994525450728424	7.063325630037733
