-6.0	0.0
-6.0	0.028205417280715572
-6.0	0.29615942418887453
-6.0	0.2961594241888754
-6.0	0.5561982917740691
-6.0	0.8090593266076893
-6.0	0.8090593266076915
-6.0	1.0553501691673008
-6.0	1.0553501691673013
-6.0	1.2955780822120575
-6.0	1.295578082212058
-6.0	1.3415332961510609
-6.0	1.3415332961510662
-6.0	1.5301710805712712
-6.0	1.5301710805712716
-6.0	1.7594934509973257
-6.0	1.7594934509973261
-6.0	1.8850137183783569
-6.0	1.983857266272786
-6.0	1.9838572662727878
-6.0	2.2035308964934393
-6.0	2.2936205879303517
-6.0	2.293620587930354
-6.0	2.4187451012787977
-6.0	2.4187451012788004
-6.0	2.629696950609814
-6.0	2.6309632520033577
-6.0	2.836551497758464
-6.0	2.8365514977584665
-6.0	2.9218304903804584
-6.0	3.039440753032155
-6.0	3.179004992879445
-6.0	3.2384590185281548
-6.0	3.238459018528156
-6.0	3.410118124654732
-6.0	3.4336529757605407
-6.0	3.433652975760541
-6.0	3.620164644398881
-6.0	3.6201646443988817
-6.0	3.6250040126172127
-6.0	3.8123991225130416
-6.0	3.8123991225130425
-6.0	3.8126279690160407
-6.0	3.990053327563654
-6.0	3.990053327563655
-6.0	3.995585427589101
-6.0	3.995585427589102
-6.0	4.154367898079193
-6.0	4.174102386580718
-6.0	4.174102386580721
-6.0	4.307072469496047
-6.0	4.307072469496048
-6.0	4.34718602401073
-6.0	4.449362587101815
-6.0	4.513642910569372
-6.0	4.582208545518487
-6.0	4.582208545518488
-6.0	4.671700956461482
-6.0	4.706410142226734
-6.0	4.818862353683873
-6.0	4.822635301181026
-6.0	4.931448024531015
-6.0	4.931448024531016
-6.0	4.951811610524673
-6.0	5.033329071123308
-6.0	5.033329071123309
-6.0	5.066460873657375
-6.0	5.128691549205305
-6.0	5.128691549205306
-6.0	5.158224253091548
-6.0	5.217892872096507
-6.0	5.222570894176779
-5.848101265822785	0.0
-5.848101265822785	0.10294651187831239
-5.848101265822785	0.10294651187831416
-5.848101265822785	0.36845156606207574
-5.848101265822785	0.6260874276826596
-5.848101265822785	0.6260874276826618
-5.848101265822785	0.8765820239318827
-5.848101265822785	0.876582023931884
-5.848101265822785	1.120535005710158
-5.848101265822785	1.1205350057101584
-5.848101265822785	1.3242224638604554
-5.848101265822785	1.3584466348020627
-5.848101265822785	1.358446634802064
-5.848101265822785	1.5907385755451902
-5.848101265822785	1.5907385755451906
-5.848101265822785	1.8177690843101453
-5.848101265822785	1.8177690843101462
-5.848101265822785	1.8603719565441823
-5.848101265822785	1.8603719565441852
-5.848101265822785	2.03984414091539
-5.848101265822785	2.257225445674067
-5.848101265822785	2.257225445674069
-5.848101265822785	2.2632401659369115
-5.848101265822785	2.470135749280473
-5.848101265822785	2.595646707438238
-5.848101265822785	2.678761584247515
-5.848101265822785	2.678761584247516
-5.848101265822785	2.882075842178775
-5.848101265822785	2.8832530448434164
-5.848101265822785	3.083719743459521
-5.848101265822785	3.0837197434595223
-5.848101265822785	3.1351545479316907
-5.848101265822785	3.2802213828119373
-5.848101265822785	3.2802213828119378
-5.848101265822785	3.362421815875238
-5.848101265822785	3.362421815875239
-5.848101265822785	3.4727504643347284
-5.848101265822785	3.4727504643347293
-5.848101265822785	3.568812189712627
-5.848101265822785	3.6612034901542003
-5.848101265822785	3.661203490154201
-5.848101265822785	3.757767152461664
-5.848101265822785	3.757767152461665
-5.848101265822785	3.845335728466731
-5.848101265822785	3.8453357284667318
-5.848101265822785	3.9318012472541115
-5.848101265822785	4.024693616269098
-5.848101265822785	4.024693616269099
-5.848101265822785	4.092818304397207
-5.848101265822785	4.092818304397208
-5.848101265822785	4.198519146082074
-5.848101265822785	4.242300772790564
-5.848101265822785	4.365623974077349
-5.848101265822785	4.381429398032188
-5.848101265822785	4.381429398032189
-5.848101265822785	4.511162249595189
-5.848101265822785	4.5111622495951895
-5.848101265822785	4.524240317138872
-5.848101265822785	4.6322888147777945
-5.848101265822785	4.671873979227298
-5.848101265822785	4.745468157512903
-5.848101265822785	4.745468157512904
-5.848101265822785	4.805212453726798
-5.848101265822785	4.8512565334697655
-5.848101265822785	4.920170299752217
-5.848101265822785	4.9501278187747815
-5.848101265822785	5.012163509673531
-5.848101265822785	5.042488913224657
-5.848101265822785	5.076662613564345
-5.69620253164557	0.0
-5.69620253164557	0.1769731648720061
-5.69620253164557	0.43998009819064565
-5.69620253164557	0.43998009819064876
-5.69620253164557	0.6951628774596643
-5.69620253164557	0.6951628774596648
-5.69620253164557	0.9432397968427422
-5.69620253164557	0.9432397968427426
-5.69620253164557	1.1848022274973196
-5.69620253164557	1.18480222749732
-5.69620253164557	1.3066823190444468
-5.69620253164557	1.306682319044451
-5.69620253164557	1.4203430643138244
-5.69620253164557	1.4203430643138248
-5.69620253164557	1.6502771174626054
-5.69620253164557	1.6502771174626063
-5.69620253164557	1.8353993883941127
-5.69620253164557	1.8749558703529638
-5.69620253164557	2.0946780618055505
-5.69620253164557	2.0946780618055514
-5.69620253164557	2.2324463478530254
-5.69620253164557	2.3096968951267556
-5.69620253164557	2.5202241594160384
-5.69620253164557	2.5202241594160393
-5.69620253164557	2.5598429690662354
-5.69620253164557	2.726431053384959
-5.69620253164557	2.841765103878944
-5.69620253164557	2.928444936544377
-5.69620253164557	2.9284449365443783
-5.69620253164557	3.0906820176267042
-5.69620253164557	3.0906820176267056
-5.69620253164557	3.1263405139969884
-5.69620253164557	3.126340513996989
-5.69620253164557	3.3140391234336355
-5.69620253164557	3.320123022094495
-5.69620253164557	3.509699805787424
-5.69620253164557	3.5096998057874247
-5.69620253164557	3.5167099451514607
-5.69620253164557	3.5167099451514616
-5.69620253164557	3.6948353816727195
-5.69620253164557	3.6948353816727204
-5.69620253164557	3.7020934502138556
-5.69620253164557	3.872673048298317
-5.69620253164557	3.872673048298318
-5.69620253164557	3.8750840784027583
-5.69620253164557	3.875084078402759
-5.69620253164557	4.0303288591660555
-5.69620253164557	4.049694614222517
-5.69620253164557	4.176524684010385
-5.69620253164557	4.176524684010387
-5.69620253164557	4.217484358868656
-5.69620253164557	4.312426197441536
-5.69620253164557	4.312426197441537
-5.69620253164557	4.376690354776216
-5.69620253164557	4.438978996314671
-5.69620253164557	4.524822443595193
-5.69620253164557	4.556962025316456
-5.69620253164557	4.658571448994947
-5.69620253164557	4.667025264527762
-5.69620253164557	4.667025264527763
-5.69620253164557	4.769717002969392
-5.69620253164557	4.773854617018358
-5.69620253164557	4.865504013583889
-5.69620253164557	4.866090033742619
-5.69620253164557	4.930749767836182
-5.69620253164557	4.954786763635471
-5.544303797468355	0.0
-5.544303797468355	0.2502515028407122
-5.544303797468355	0.2502515028407153
-5.544303797468355	0.5107081632834487
-5.544303797468355	0.5107081632834491
-5.544303797468355	0.763384600128977
-5.544303797468355	0.7633846001289775
-5.544303797468355	1.0089891569247427
-5.544303797468355	1.0089891569247431
-5.544303797468355	1.248104536139154
-5.544303797468355	1.2481045361391545
-5.544303797468355	1.2889034998843392
-5.544303797468355	1.4812157420245629
-5.544303797468355	1.4812157420245646
-5.544303797468355	1.7087299698858809
-5.544303797468355	1.8100823221994427
-5.544303797468355	1.930990765231877
-5.544303797468355	1.9309907652318778
-5.544303797468355	2.1482877824073157
-5.544303797468355	2.201221784231306
-5.544303797468355	2.3608627589913986
-5.544303797468355	2.3608627589913995
-5.544303797468355	2.523531300127011
-5.544303797468355	2.5689117099317245
-5.544303797468355	2.772582707656306
-5.544303797468355	2.772582707656308
-5.544303797468355	2.800874265506699
-5.544303797468355	2.8008742655067005
-5.544303797468355	2.971967850004297
-5.544303797468355	2.9719678500042974
-5.544303797468355	3.0455601502425456
-5.544303797468355	3.167087049151336
-5.544303797468355	3.1670870491513368
-5.544303797468355	3.2649395331956463
-5.544303797468355	3.2649395331956472
-5.544303797468355	3.3578600786076747
-5.544303797468355	3.3578600786076755
-5.544303797468355	3.4638240762505457
-5.544303797468355	3.544062005259823
-5.544303797468355	3.544062005259825
-5.544303797468355	3.6455696202531636
-5.544303797468355	3.6455696202531644
-5.544303797468355	3.7252561219506077
-5.544303797468355	3.7252561219506086
-5.544303797468355	3.8126279690160403
-5.544303797468355	3.900698757810579
-5.544303797468355	3.9668551464913193
-5.544303797468355	3.9668551464913206
-5.544303797468355	4.069213726488792
-5.544303797468355	4.109695977256309
-5.544303797468355	4.2290434968787745
-5.544303797468355	4.242300772790564
-5.544303797468355	4.242300772790565
-5.544303797468355	4.365602388820227
-5.544303797468355	4.3656023888202276
-5.544303797468355	4.377702439607776
-5.544303797468355	4.480368973291937
-5.544303797468355	4.511885105766378
-5.544303797468355	4.587241175860708
-5.544303797468355	4.587241175860709
-5.544303797468355	4.627511743310844
-5.544303797468355	4.68675907459489
-5.544303797468355	4.720002774049718
-5.544303797468355	4.779382092927273
-5.544303797468355	4.7848319811671
-5.3924050632911396	0.0
-5.3924050632911396	0.05629455356512336
-5.3924050632911396	0.05629455356512558
-5.3924050632911396	0.32274481847817205
-5.3924050632911396	0.3227448184781725
-5.3924050632911396	0.5805957197531777
-5.3924050632911396	0.5805957197531781
-5.3924050632911396	0.8307089511895565
-5.3924050632911396	0.8307089511895569
-5.3924050632911396	1.0737824874106714
-5.3924050632911396	1.0737824874106718
-5.3924050632911396	1.2708759896720168
-5.3924050632911396	1.3103898135665681
-5.3924050632911396	1.31038981356657
-5.3924050632911396	1.5410072606526226
-5.3924050632911396	1.7660332241462178
-5.3924050632911396	1.7660332241462195
-5.3924050632911396	1.7844060948563127
-5.3924050632911396	1.9858014492658933
-5.3924050632911396	2.1695478770256775
-5.3924050632911396	2.2005895187520643
-5.3924050632911396	2.200589518752065
-5.3924050632911396	2.410622873501714
-5.3924050632911396	2.486689449682769
-5.3924050632911396	2.4866894496827703
-5.3924050632911396	2.6160739430175175
-5.3924050632911396	2.6160739430175197
-5.3924050632911396	2.7593775379116385
-5.3924050632911396	2.817055126923481
-5.3924050632911396	2.8170551269234814
-5.3924050632911396	2.9997596442731385
-5.3924050632911396	2.99975964427314
-5.3924050632911396	3.013603354982921
-5.3924050632911396	3.205652727678256
-5.3924050632911396	3.205652727678257
-5.3924050632911396	3.2150902007873507
-5.3924050632911396	3.3929904099070507
-5.3924050632911396	3.3929904099070516
-5.3924050632911396	3.4101181246547303
-5.3924050632911396	3.4101181246547316
-5.3924050632911396	3.5751899257683917
-5.3924050632911396	3.5751899257683926
-5.3924050632911396	3.5881554868914582
-5.3924050632911396	3.7515162551188057
-5.3924050632911396	3.7516219853858632
-5.3924050632911396	3.7516219853858646
-5.3924050632911396	3.9023491378223176
-5.3924050632911396	3.902349137822318
-5.3924050632911396	3.920800509209303
-5.3924050632911396	4.041762439184832
-5.3924050632911396	4.041762439184833
-5.3924050632911396	4.081291282686124
-5.3924050632911396	4.17099652184688
-5.3924050632911396	4.230508044681775
-5.3924050632911396	4.2909712076432
-5.3924050632911396	4.365149532569004
-5.3924050632911396	4.402443568462614
-5.3924050632911396	4.402443568462615
-5.3924050632911396	4.4811393591489495
-5.3924050632911396	4.5060446503872384
-5.3924050632911396	4.573900560195666
-5.3924050632911396	4.6023060478612
-5.3924050632911396	4.602306047861201
-5.3924050632911396	4.63890883529567
-5.240506329113924	0.0
-5.240506329113924	0.13068137625470344
-5.240506329113924	0.13068137625470388
-5.240506329113924	0.3944131818125429
-5.240506329113924	0.39441318181254337
-5.240506329113924	0.6495990653523269
-5.240506329113924	0.6495990653523274
-5.240506329113924	0.8970880804037682
-5.240506329113924	0.8970880804037686
-5.240506329113924	1.1375672524379143
-5.240506329113924	1.1375672524379161
-5.240506329113924	1.2525890508205508
-5.240506329113924	1.3716000396066823
-5.240506329113924	1.5996528905685827
-5.240506329113924	1.5996528905685836
-5.240506329113924	1.7583549725757301
-5.240506329113924	1.822113516274566
-5.240506329113924	2.0393028531778263
-5.240506329113924	2.0393028531778272
-5.240506329113924	2.137404650046117
-5.240506329113924	2.137404650046119
-5.240506329113924	2.251481560411341
-5.240506329113924	2.449293493153989
-5.240506329113924	2.458850949596944
-5.240506329113924	2.4588509495969455
-5.240506329113924	2.661547296237164
-5.240506329113924	2.6615472962371642
-5.240506329113924	2.717247162531388
-5.240506329113924	2.717247162531389
-5.240506329113924	2.8596273975295956
-5.240506329113924	2.9532489258567454
-5.240506329113924	3.053041971554727
-5.240506329113924	3.0530419715547277
-5.240506329113924	3.1644556945822244
-5.240506329113924	3.1644556945822253
-5.240506329113924	3.2415921344173624
-5.240506329113924	3.2415921344173633
-5.240506329113924	3.3555527140822043
-5.240506329113924	3.4248631482150786
-5.240506329113924	3.4248631482150795
-5.240506329113924	3.529807606670049
-5.240506329113924	3.5298076066700506
-5.240506329113924	3.602129872488425
-5.240506329113924	3.6896074333643893
-5.240506329113924	3.68960743336439
-5.240506329113924	3.7722317195479755
-5.240506329113924	3.8367587666780008
-5.240506329113924	3.836758766678001
-5.240506329113924	3.9334242278222824
-5.240506329113924	3.972667391581372
-5.240506329113924	3.9726673915813726
-5.240506329113924	4.08323262839031
-5.240506329113924	4.098451917943911
-5.240506329113924	4.215018812813652
-5.240506329113924	4.2150188128136525
-5.240506329113924	4.2183603775115825
-5.240506329113924	4.3231137632681635
-5.240506329113924	4.334734872818882
-5.240506329113924	4.423357907410947
-5.240506329113924	4.4233579074109475
-5.240506329113924	4.427782085235423
-5.240506329113924	4.492979863357707
-5.240506329113924	4.516274049818279
-5.088607594936709	0.0
-5.088607594936709	0.2042615278253006
-5.088607594936709	0.20426152782530105
-5.088607594936709	0.4652129528501452
-5.088607594936709	0.4652129528501465
-5.088607594936709	0.7176702206759149
-5.088607594936709	0.7176702206759153
-5.088607594936709	0.9624691230885252
-5.088607594936709	0.9624691230885261
-5.088607594936709	1.2002848925231646
-5.088607594936709	1.2340311500712888
-5.088607594936709	1.4316697214216494
-5.088607594936709	1.4316697214216503
-5.088607594936709	1.657078264656258
-5.088607594936709	1.7319120381252728
-5.088607594936709	1.7319120381252748
-5.088607594936709	1.8768845150937672
-5.088607594936709	1.876884515093768
-5.088607594936709	2.0913917240861504
-5.088607594936709	2.104770601602688
-5.088607594936709	2.3008357702488924
-5.088607594936709	2.3008357702488946
-5.088607594936709	2.4113176505905125
-5.088607594936709	2.4113176505905143
-5.088607594936709	2.505381242448794
-5.088607594936709	2.5053812424487942
-5.088607594936709	2.6744531941760528
-5.088607594936709	2.7051083064716606
-5.088607594936709	2.8999870856809693
-5.088607594936709	2.89998708568097
-5.088607594936709	2.905993894133011
-5.088607594936709	2.9059938941330117
-5.088607594936709	3.0898348837423955
-5.088607594936709	3.0898348837423972
-5.088607594936709	3.1129977010510177
-5.088607594936709	3.2742505053335593
-5.088607594936709	3.27425050533356
-5.088607594936709	3.3000852125165205
-5.088607594936709	3.3000852125165223
-5.088607594936709	3.45252015168637
-5.088607594936709	3.4704788836848195
-5.088607594936709	3.47047888368482
-5.088607594936709	3.6234927228063505
-5.088607594936709	3.6265325730572124
-5.088607594936709	3.626532573057213
-5.088607594936709	3.770027436756716
-5.088607594936709	3.7700274367567164
-5.088607594936709	3.785431663189499
-5.088607594936709	3.9023491378223185
-5.088607594936709	3.935868742732056
-5.088607594936709	4.024599888453196
-5.088607594936709	4.024599888453197
-5.088607594936709	4.071512757801258
-5.088607594936709	4.137672447152275
-5.088607594936709	4.188295379115384
-5.088607594936709	4.242300772790564
-5.088607594936709	4.242300772790565
-5.088607594936709	4.281645885138509
-5.088607594936709	4.339095754051352
-5.088607594936709	4.347044542611757
-4.936708860759493	0.0
-4.936708860759493	0.009406800203971777
-4.936708860759493	0.009406800203972221
-4.936708860759493	0.27699157747134917
-4.936708860759493	0.2769915774713496
-4.936708860759493	0.5350961512580392
-4.936708860759493	0.5350961512580397
-4.936708860759493	0.7847561025936307
-4.936708860759493	0.7847561025936316
-4.936708860759493	1.0267930731937644
-4.936708860759493	1.2151898734177176
-4.936708860759493	1.2151898734177204
-4.936708860759493	1.2618692264778573
-4.936708860759493	1.2618692264778582
-4.936708860759493	1.4905235450247716
-4.936708860759493	1.705059062327365
-4.936708860759493	1.7131958264235667
-4.936708860759493	1.7131958264235685
-4.936708860759493	1.9302414406373907
-4.936708860759493	2.0716225362510134
-4.936708860759493	2.0716225362510152
-4.936708860759493	2.14193806897224
-4.936708860759493	2.1419380689722423
-4.936708860759493	2.3484841876368434
-4.936708860759493	2.348484187636844
-4.936708860759493	2.3727340787564506
-4.936708860759493	2.549987677524043
-4.936708860759493	2.6309632520033555
-4.936708860759493	2.630963252003357
-4.936708860759493	2.746441492032556
-4.936708860759493	2.746441492032557
-4.936708860759493	2.8579576286926742
-4.936708860759493	2.937681844279677
-4.936708860759493	2.9376818442796786
-4.936708860759493	3.06067468551036
-4.936708860759493	3.060674685510362
-4.936708860759493	3.12332325968912
-4.936708860759493	3.123323259689121
-4.936708860759493	3.243669342389258
-4.936708860759493	3.2436693423892584
-4.936708860759493	3.3026650328379343
-4.936708860759493	3.4101181246547307
-4.936708860759493	3.410118124654731
-4.936708860759493	3.474566963863812
-4.936708860759493	3.5623410834101983
-4.936708860759493	3.562341083410199
-4.936708860759493	3.637301542145785
-4.936708860759493	3.7020934502138547
-4.936708860759493	3.702093450213855
-4.936708860759493	3.78840799118878
-4.936708860759493	3.8307403178486545
-4.936708860759493	3.830740317848655
-4.936708860759493	3.9246011758419477
-4.936708860759493	3.9493670886075947
-4.936708860759493	4.041817610323129
-4.936708860759493	4.058852420016421
-4.936708860759493	4.0588524200164215
-4.936708860759493	4.13549031442129
-4.936708860759493	4.159918158267084
-4.936708860759493	4.2011022858169635
-4.784810126582278	0.0
-4.784810126582278	0.08422144379660113
-4.784810126582278	0.08422144379660157
-4.784810126582278	0.3488237020316767
-4.784810126582278	0.34882370203167756
-4.784810126582278	0.6040096123472538
-4.784810126582278	0.6040096123472547
-4.784810126582278	0.8507973748874149
-4.784810126582278	1.089993157136655
-4.784810126582278	1.0899931571366563
-4.784810126582278	1.1960518289638193
-4.784810126582278	1.3222440684335397
-4.784810126582278	1.5480727815827695
-4.784810126582278	1.5480727815827704
-4.784810126582278	1.6777763570411004
-4.784810126582278	1.6777763570411026
-4.784810126582278	1.7678992982245672
-4.784810126582278	1.9820524477714416
-4.784810126582278	1.9820524477714438
-4.784810126582278	2.037935371898542
-4.784810126582278	2.1907716869170604
-4.784810126582278	2.190771686917061
-4.784810126582278	2.333512632263879
-4.784810126582278	2.33351263226388
-4.784810126582278	2.39419807065277
-4.784810126582278	2.394198070652771
-4.784810126582278	2.586742232798946
-4.784810126582278	2.5923516338757455
-4.784810126582278	2.5923516338757473
-4.784810126582278	2.785090843263796
-4.784810126582278	2.7850908432637986
-4.784810126582278	2.809100051985861
-4.784810126582278	2.8091000519858627
-4.784810126582278	2.972048596545367
-4.784810126582278	2.972048596545368
-4.784810126582278	3.0074414997301253
-4.784810126582278	3.007441499730126
-4.784810126582278	3.152539396643359
-4.784810126582278	3.1862547286181817
-4.784810126582278	3.186254728618182
-4.784810126582278	3.325435636983319
-4.784810126582278	3.348669521779534
-4.784810126582278	3.3486695217795344
-4.784810126582278	3.489020208361124
-4.784810126582278	3.4969714733836974
-4.784810126582278	3.496971473383698
-4.784810126582278	3.6328893396763733
-4.784810126582278	3.6328893396763737
-4.784810126582278	3.6408408715928693
-4.784810126582278	3.757767152461665
-4.784810126582278	3.7776194188202257
-4.784810126582278	3.8726730482983167
-4.784810126582278	3.8726730482983176
-4.784810126582278	3.8952978776746874
-4.784810126582278	3.97847114543052
-4.784810126582278	3.989313517090706
-4.784810126582278	4.055152430962677
-4.784810126582278	4.0758707437970845
-4.632911392405063	0.0
-4.632911392405063	0.15816039230297152
-4.632911392405063	0.15816039230297196
-4.632911392405063	0.41970482534769715
-4.632911392405063	0.41970482534769893
-4.632911392405063	0.671893815572858
-4.632911392405063	0.9157267937260634
-4.632911392405063	0.9157267937260647
-4.632911392405063	1.1519924153946173
-4.632911392405063	1.17660253555668
-4.632911392405063	1.1766025355566831
-4.632911392405063	1.3813195906268994
-4.632911392405063	1.3813195906269007
-4.632911392405063	1.6042097028358544
-4.632911392405063	1.6500426062582596
-4.632911392405063	1.8210550013742086
-4.632911392405063	1.8210550013742108
-4.632911392405063	2.0036819177123397
-4.632911392405063	2.0036819177123415
-4.632911392405063	2.032145082537999
-4.632911392405063	2.0321450825380003
-4.632911392405063	2.237661121027365
-4.632911392405063	2.2936205879303535
-4.632911392405063	2.437655572358744
-4.632911392405063	2.4376555723587456
-4.632911392405063	2.541751979344025
-4.632911392405063	2.541751979344027
-4.632911392405063	2.632013308181082
-4.632911392405063	2.632013308181083
-4.632911392405063	2.759377537911637
-4.632911392405063	2.7593775379116376
-4.632911392405063	2.8203888566971402
-4.632911392405063	2.820388856697141
-4.632911392405063	2.9532489258567463
-4.632911392405063	2.9532489258567467
-4.632911392405063	3.002114504625541
-4.632911392405063	3.127786371945417
-4.632911392405063	3.1277863719454175
-4.632911392405063	3.1760772840679543
-4.632911392405063	3.286072048524142
-4.632911392405063	3.3405721145676948
-4.632911392405063	3.4303563920920137
-4.632911392405063	3.4303563920920146
-4.632911392405063	3.4931565864346443
-4.632911392405063	3.5623410834101996
-4.632911392405063	3.63056043783824
-4.632911392405063	3.6833485528047003
-4.632911392405063	3.683348552804701
-4.632911392405063	3.7487320010470078
-4.632911392405063	3.7944291635838368
-4.632911392405063	3.843113391810282
-4.632911392405063	3.896432001533364
-4.632911392405063	3.8964320015333644
-4.632911392405063	3.9091942289697887
-4.632911392405063	3.909194228969789
-4.481012658227848	0.0
-4.481012658227848	0.23117087030256878
-4.481012658227848	0.23117087030257055
-4.481012658227848	0.4895754254108451
-4.481012658227848	0.7386812017680007
-4.481012658227848	0.738681201768002
-4.481012658227848	0.9794667531920611
-4.481012658227848	1.1568262945616052
-4.481012658227848	1.2127000202720195
-4.481012658227848	1.2127000202720208
-4.481012658227848	1.438986683504225
-4.481012658227848	1.6218346711946268
-4.481012658227848	1.6218346711946288
-4.481012658227848	1.6587988339979423
-4.481012658227848	1.6587988339979445
-4.481012658227848	1.8724882314729645
-4.481012658227848	1.8724882314729654
-4.481012658227848	1.96883261723783
-4.481012658227848	2.080285136989688
-4.481012658227848	2.253022325193617
-4.481012658227848	2.2530223251936197
-4.481012658227848	2.2822812188466166
-4.481012658227848	2.2822812188466184
-4.481012658227848	2.4783929669654485
-4.481012658227848	2.4783929669654494
-4.481012658227848	2.49595089496025
-4.481012658227848	2.4959508949602505
-4.481012658227848	2.6683005851509396
-4.481012658227848	2.6683005851509405
-4.481012658227848	2.7087424557154947
-4.481012658227848	2.7087424557154955
-4.481012658227848	2.8513573094015507
-4.481012658227848	2.8980431435451504
-4.481012658227848	2.8980431435451512
-4.481012658227848	3.0264673023354156
-4.481012658227848	3.0682040319074666
-4.481012658227848	3.068204031907467
-4.481012658227848	3.1919394795039935
-4.481012658227848	3.2222587497108486
-4.481012658227848	3.2222587497108495
-4.481012658227848	3.3453428123902813
-4.481012658227848	3.362421815875239
-4.481012658227848	3.483416201534641
-4.481012658227848	3.4903671776433587
-4.481012658227848	3.490367177643359
-4.481012658227848	3.6021152240344327
-4.481012658227848	3.607395064416582
-4.481012658227848	3.6968875498996767
-4.481012658227848	3.7145374969025258
-4.481012658227848	3.714537496902526
-4.481012658227848	3.76322682888035
-4.481012658227848	3.7632268288803505
-4.329113924050633	0.0
-4.329113924050633	0.037530013481776425
-4.329113924050633	0.03753001348177776
-4.329113924050633	0.30319358433728283
-4.329113924050633	0.5583678240343724
-4.329113924050633	0.5583678240343737
-4.329113924050633	0.80429368242083
-4.329113924050633	1.041925556859895
-4.329113924050633	1.0419255568598964
-4.329113924050633	1.136706041551574
-4.329113924050633	1.136706041551577
-4.329113924050633	1.2720055783706354
-4.329113924050633	1.495108137734852
-4.329113924050633	1.4951081377348538
-4.329113924050633	1.5931273643090906
-4.329113924050633	1.7116632427791179
-4.329113924050633	1.7116632427791183
-4.329113924050633	1.9219620089360718
-4.329113924050633	1.9219620089360727
-4.329113924050633	1.9333552498265079
-4.329113924050633	1.9333552498265107
-4.329113924050633	2.1261440841928567
-4.329113924050633	2.126144084192858
-4.329113924050633	2.2116789537054737
-4.329113924050633	2.2116789537054746
-4.329113924050633	2.324164208289553
-4.329113924050633	2.324164208289554
-4.329113924050633	2.44929349315399
-4.329113924050633	2.449293493153991
-4.329113924050633	2.515733340716313
-4.329113924050633	2.657142635625706
-4.329113924050633	2.6571426356257066
-4.329113924050633	2.700229597660244
-4.329113924050633	2.841765103878943
-4.329113924050633	2.8417651038789433
-4.329113924050633	2.876577336276818
-4.329113924050633	3.0074414997301258
-4.329113924050633	3.0074414997301266
-4.329113924050633	3.043101866411079
-4.329113924050633	3.1571559024040297
-4.329113924050633	3.197385418370828
-4.329113924050633	3.293086084356273
-4.329113924050633	3.2930860843562737
-4.329113924050633	3.336177517643406
-4.329113924050633	3.4168775329221246
-4.329113924050633	3.455442110708605
-4.329113924050633	3.5298076066700506
-4.329113924050633	3.529807606670051
-4.329113924050633	3.550633264383207
-4.329113924050633	3.617249259915425
-4.329113924050633	3.6172492599154253
-4.329113924050633	3.632889339676374
-4.177215189873418	0.0
-4.177215189873418	0.11189891115006478
-4.177215189873418	0.37416098648445706
-4.177215189873418	0.37416098648445884
-4.177215189873418	0.6260036603448187
-4.177215189873418	0.8686388643982514
-4.177215189873418	0.8686388643982523
-4.177215189873418	1.1029916606570214
-4.177215189873418	1.1162231739265112
-4.177215189873418	1.3297702381997416
-4.177215189873418	1.3297702381997438
-4.177215189873418	1.5495048415796808
-4.177215189873418	1.5495048415796813
-4.177215189873418	1.5638931859727068
-4.177215189873418	1.56389318597271
-4.177215189873418	1.7625631780534838
-4.177215189873418	1.7625631780534843
-4.177215189873418	1.8972145817919182
-4.177215189873418	1.897214581791919
-4.177215189873418	1.9691443783672993
-4.177215189873418	1.9691443783673002
-4.177215189873418	2.1692499904703437
-4.177215189873418	2.1692499904703446
-4.177215189873418	2.169547877025676
-4.177215189873418	2.169547877025677
-4.177215189873418	2.36262819158057
-4.177215189873418	2.362628191580571
-4.177215189873418	2.4017298684823127
-4.177215189873418	2.4017298684823136
-4.177215189873418	2.5486869155236764
-4.177215189873418	2.6045207391618606
-4.177215189873418	2.604520739161861
-4.177215189873418	2.726374520341465
-4.177215189873418	2.784349789340257
-4.177215189873418	2.784349789340258
-4.177215189873418	2.894035661049739
-4.177215189873418	2.945425736151694
-4.177215189873418	3.0492681180296883
-4.177215189873418	3.0906820176267042
-4.177215189873418	3.0906820176267047
-4.177215189873418	3.1888338139329213
-4.177215189873418	3.22225874971085
-4.177215189873418	3.3087064192677116
-4.177215189873418	3.341772151898734
-4.177215189873418	3.3417721518987342
-4.177215189873418	3.40434740777518
-4.177215189873418	3.4504759569419385
-4.177215189873418	3.471260409599805
-4.177215189873418	3.4712604095998056
-4.025316455696203	0.0
-4.025316455696203	0.18524054630858888
-4.025316455696203	0.18524054630859021
-4.025316455696203	0.4439947134537814
-4.025316455696203	0.6923900687317808
-4.025316455696203	0.6923900687317821
-4.025316455696203	0.9316042317743971
-4.025316455696203	1.0953573495080449
-4.025316455696203	1.0953573495080495
-4.025316455696203	1.162524702884725
-4.025316455696203	1.1625247028847272
-4.025316455696203	1.3858127906064563
-4.025316455696203	1.3858127906064568
-4.025316455696203	1.5341020159537333
-4.025316455696203	1.5341020159537344
-4.025316455696203	1.6019342998885253
-4.025316455696203	1.6019342998885262
-4.025316455696203	1.8111632227316212
-4.025316455696203	1.8111632227316221
-4.025316455696203	1.8603719565441865
-4.025316455696203	1.8603719565441874
-4.025316455696203	2.0135591424990364
-4.025316455696203	2.0135591424990373
-4.025316455696203	2.1265822784810124
-4.025316455696203	2.1265822784810133
-4.025316455696203	2.208915793194648
-4.025316455696203	2.208915793194649
-4.025316455696203	2.3532050711133676
-4.025316455696203	2.353205071113368
-4.025316455696203	2.3966772075385805
-4.025316455696203	2.5508135124678475
-4.025316455696203	2.5508135124678484
-4.025316455696203	2.5758205269987013
-4.025316455696203	2.7257253334065363
-4.025316455696203	2.7447134197467777
-4.025316455696203	2.882075842178776
-4.025316455696203	2.882075842178777
-4.025316455696203	2.9009720380538697
-4.025316455696203	3.0227466443745423
-4.025316455696203	3.041372867235821
-4.025316455696203	3.1498391929105396
-4.025316455696203	3.14983919291054
-4.025316455696203	3.161900946279102
-4.025316455696203	3.2580263755795134
-4.025316455696203	3.2649395331956472
-4.025316455696203	3.325258996908717
-4.025316455696203	3.3252589969087176
-4.025316455696203	3.359919571084682
-3.873417721518987	0.0
-3.873417721518987	0.2574769011701621
-3.873417721518987	0.5126017189354539
-3.873417721518987	0.5126017189354553
-3.873417721518987	0.757413799072379
-3.873417721518987	0.9930480956610266
-3.873417721518987	0.9930480956610284
-3.873417721518987	1.0740862499036141
-3.873417721518987	1.0740862499036157
-3.873417721518987	1.2203415026989455
-3.873417721518987	1.2203415026989464
-3.873417721518987	1.439888060189143
-3.873417721518987	1.4398880601891435
-3.873417721518987	1.5037207498650622
-3.873417721518987	1.5037207498650635
-3.873417721518987	1.6520576290278433
-3.873417721518987	1.6520576290278446
-3.873417721518987	1.8227848101265804
-3.873417721518987	1.8227848101265816
-3.873417721518987	1.8569828336280332
-3.873417721518987	1.856982833628034
-3.873417721518987	2.054513902734845
-3.873417721518987	2.0827305115142405
-3.873417721518987	2.082730511514241
-3.873417721518987	2.2441390740018914
-3.873417721518987	2.303658362749837
-3.873417721518987	2.3036583627498377
-3.873417721518987	2.424870358085125
-3.873417721518987	2.4959508949602505
-3.873417721518987	2.595103047512047
-3.873417721518987	2.6658119657900103
-3.873417721518987	2.6658119657900112
-3.873417721518987	2.7524751771601443
-3.873417721518987	2.817301821416416
-3.873417721518987	2.8937804655191646
-3.873417721518987	2.9532489258567454
-3.873417721518987	2.953248925856746
-3.873417721518987	3.0150173331705616
-3.873417721518987	3.0757149465291014
-3.873417721518987	3.1116659915149705
-3.873417721518987	3.1792435390615847
-3.873417721518987	3.179243539061585
-3.873417721518987	3.186254728618181
-3.873417721518987	3.1862547286181817
-3.721518987341772	0.0
-3.721518987341772	0.065383531821257
-3.721518987341772	0.32851512920364945
-3.721518987341772	0.3285151292036512
-3.721518987341772	0.5798683329306891
-3.721518987341772	0.820932084723351
-3.721518987341772	0.8209320847233532
-3.721518987341772	1.0523853008013426
-3.721518987341772	1.0523853008013444
-3.721518987341772	1.0527854863064103
-3.721518987341772	1.0527854863064108
-3.721518987341772	1.2761943161573839
-3.721518987341772	1.2761943161573848
-3.721518987341772	1.4727128680758452
-3.721518987341772	1.4727128680758463
-3.721518987341772	1.4916537304156021
-3.721518987341772	1.491653730415603
-3.721518987341772	1.6993898857885332
-3.721518987341772	1.6993898857885346
-3.721518987341772	1.7844060948563132
-3.721518987341772	1.7844060948563139
-3.721518987341772	1.8993241216428272
-3.721518987341772	1.899324121642828
-3.721518987341772	2.0379353718985413
-3.721518987341772	2.0379353718985427
-3.721518987341772	2.0909995124244567
-3.721518987341772	2.2530223251936192
-3.721518987341772	2.2734707931878684
-3.721518987341772	2.4398549474747853
-3.721518987341772	2.439854947474786
-3.721518987341772	2.445166751368438
-3.721518987341772	2.603751721704961
-3.721518987341772	2.60452073916186
-3.721518987341772	2.7460399827020563
-3.721518987341772	2.75100307994048
-3.721518987341772	2.7510030799404808
-3.721518987341772	2.868045823791411
-3.721518987341772	2.882075842178776
-3.721518987341772	2.9652613891483965
-3.721518987341772	2.999759644273138
-3.721518987341772	2.999759644273139
-3.721518987341772	3.033212310135768
-3.721518987341772	3.0332123101357684
-3.721518987341772	3.068229536136529
-3.569620253164557	0.0
-3.569620253164557	5.960464477539063e-08
-3.569620253164557	0.1391045459149014
-3.569620253164557	0.13910454591490318
-3.569620253164557	0.39824155618899537
-3.569620253164557	0.645651047749578
-3.569620253164557	0.6456510477495803
-3.569620253164557	0.8827584248388591
-3.569620253164557	0.88275842483886
-3.569620253164557	1.0302273392088996
-3.569620253164557	1.0302273392089014
-3.569620253164557	1.1105662664892006
-3.569620253164557	1.1105662664892015
-3.569620253164557	1.3297374795005839
-3.569620253164557	1.3297374795005852
-3.569620253164557	1.441037921089388
-3.569620253164557	1.4410379210893887
-3.569620253164557	1.540620443693645
-3.569620253164557	1.5406204436936464
-3.569620253164557	1.7432275620461446
-3.569620253164557	1.7432275620461455
-3.569620253164557	1.7451835888216785
-3.569620253164557	1.7451835888216798
-3.569620253164557	1.9371709508064476
-3.569620253164557	1.99213322257276
-3.569620253164557	2.121558373340813
-3.569620253164557	2.201221784231306
-3.569620253164557	2.2012217842313073
-3.569620253164557	2.294859692485418
-3.569620253164557	2.3824385531176895
-3.569620253164557	2.4547711709464997
-3.569620253164557	2.541751979344026
-3.569620253164557	2.541751979344027
-3.569620253164557	2.5981318385200796
-3.569620253164557	2.6830665923021306
-3.569620253164557	2.7209749578936337
-3.569620253164557	2.8091000519858618
-3.569620253164557	2.809100051985863
-3.569620253164557	2.8188068627680707
-3.569620253164557	2.887163289046156
-3.569620253164557	2.8871632890461565
-3.569620253164557	2.921830490380457
-3.569620253164557	2.9218304903804575
-3.4177215189873418	0.0
-3.4177215189873418	0.21155016938541182
-3.4177215189873418	0.4665123863524432
-3.4177215189873418	0.4665123863524454
-3.4177215189873418	0.7097621888585723
-3.4177215189873418	0.7097621888585737
-3.4177215189873418	0.9426405488771026
-3.4177215189873418	0.942640548877103
-3.4177215189873418	1.007582214791514
-3.4177215189873418	1.007582214791515
-3.4177215189873418	1.1660415811957483
-3.4177215189873418	1.16604158119575
-3.4177215189873418	1.3804772617771173
-3.4177215189873418	1.380477261777119
-3.4177215189873418	1.4086509107082068
-3.4177215189873418	1.4086509107082086
-3.4177215189873418	1.5860789833473874
-3.4177215189873418	1.5860789833473878
-3.4177215189873418	1.705059062327366
-3.4177215189873418	1.7825472916271103
-3.4177215189873418	1.945252932890991
-3.4177215189873418	1.9452529328909922
-3.4177215189873418	1.9690567451965117
-3.4177215189873418	2.1441282289798753
-3.4177215189873418	2.148172499807233
-3.4177215189873418	2.305497206320157
-3.4177215189873418	2.3236038289789898
-3.4177215189873418	2.3236038289789906
-3.4177215189873418	2.4500328051130915
-3.4177215189873418	2.4773933818177354
-3.4177215189873418	2.5737911797426603
-3.4177215189873418	2.6133646380888984
-3.4177215189873418	2.6133646380888997
-3.4177215189873418	2.672295677719801
-3.4177215189873418	2.7341772151898733
-3.4177215189873418	2.7341772151898738
-3.4177215189873418	2.741094093556557
-3.4177215189873418	2.7410940935565575
-3.2658227848101267	0.0
-3.2658227848101267	4.2146848510894035e-08
-3.2658227848101267	0.01841397848054349
-3.2658227848101267	0.28257692901822606
-3.2658227848101267	0.2825769290182283
-3.2658227848101267	0.5331392627802862
-3.2658227848101267	0.5331392627802867
-3.2658227848101267	0.7719477261692
-3.2658227848101267	0.7719477261692009
-3.2658227848101267	0.9844163086189133
-3.2658227848101267	0.9844163086189159
-3.2658227848101267	1.0002266618437696
-3.2658227848101267	1.000226661843771
-3.2658227848101267	1.2187134439304241
-3.2658227848101267	1.2187134439304255
-3.2658227848101267	1.3755015399702408
-3.2658227848101267	1.427698705178358
-3.2658227848101267	1.4276987051783585
-3.2658227848101267	1.6269985465567605
-3.2658227848101267	1.6639672633068325
-3.2658227848101267	1.6639672633068339
-3.2658227848101267	1.8158731095686989
-3.2658227848101267	1.8972145817919186
-3.2658227848101267	1.9929075936233738
-3.2658227848101267	2.093779557279526
-3.2658227848101267	2.0937795572795275
-3.2658227848101267	2.1558862115022137
-3.2658227848101267	2.2632401659369124
-3.2658227848101267	2.3017151065309385
-3.2658227848101267	2.411317650590512
-3.2658227848101267	2.4113176505905134
-3.2658227848101267	2.4264783329337547
-3.2658227848101267	2.525719826695375
-3.2658227848101267	2.541751979344027
-3.2658227848101267	2.5950018957365337
-3.2658227848101267	2.595001895736534
-3.2658227848101267	2.6306789669117294
-3.113924050632911	0.0
-3.113924050632911	0.09252432374978614
-3.113924050632911	0.0925243237497888
-3.113924050632911	0.3519964599894405
-3.113924050632911	0.3519964599894414
-3.113924050632911	0.5978669243665731
-3.113924050632911	0.597866924366574
-3.113924050632911	0.8318533060196778
-3.113924050632911	0.8318533060196791
-3.113924050632911	0.9606919473929253
-3.113924050632911	1.0550147459553791
-3.113924050632911	1.05501474595538
-3.113924050632911	1.2678612051239686
-3.113924050632911	1.2678612051239695
-3.113924050632911	1.3415332961510635
-3.113924050632911	1.341533296151065
-3.113924050632911	1.4703634185337309
-3.113924050632911	1.6218346711946294
-3.113924050632911	1.661893390839695
-3.113924050632911	1.8411187776402849
-3.113924050632911	1.8479278573057867
-3.113924050632911	1.8479278573057878
-3.113924050632911	2.0058853084872936
-3.113924050632911	2.0379353718985422
-3.113924050632911	2.15314523438343
-3.113924050632911	2.201221784231306
-3.113924050632911	2.2012217842313073
-3.113924050632911	2.2790170005677406
-3.113924050632911	2.3433795372974444
-3.113924050632911	2.343379537297445
-3.113924050632911	2.3790697130403897
-3.113924050632911	2.4488833124693303
-3.113924050632911	2.4488833124693308
-3.113924050632911	2.46806230014257
-3.113924050632911	2.4680623001425706
-3.113924050632911	2.484823427646367
-2.962025316455696	0.0
-2.962025316455696	0.16507579884299028
-2.962025316455696	0.16507579884299117
-2.962025316455696	0.41955301258117417
-2.962025316455696	0.41955301258117506
-2.962025316455696	0.6603390193850438
-2.962025316455696	0.6603390193850451
-2.962025316455696	0.8889732517159272
-2.962025316455696	0.8889732517159281
-2.962025316455696	0.936366683995285
-2.962025316455696	0.9363666839952873
-2.962025316455696	1.1062786264028805
-2.962025316455696	1.106278626402881
-2.962025316455696	1.3066823190444496
-2.962025316455696	1.3124388172386967
-2.962025316455696	1.506975538454241
-2.962025316455696	1.578577951202013
-2.962025316455696	1.5785779512020144
-2.962025316455696	1.6886642769632605
-2.962025316455696	1.7972900606884905
-2.962025316455696	1.855429710952262
-2.962025316455696	1.9805171863906768
-2.962025316455696	1.9805171863906783
-2.962025316455696	2.0042823681101862
-2.962025316455696	2.131383632146522
-2.962025316455696	2.1374046500461192
-2.962025316455696	2.1374046500461197
-2.962025316455696	2.2323337341380323
-2.962025316455696	2.273412083103154
-2.962025316455696	2.2734120831031546
-2.962025316455696	2.3027342619637596
-2.962025316455696	2.30273426196376
-2.810126582278481	0.0
-2.810126582278481	0.23581321013810608
-2.810126582278481	0.23581321013810697
-2.810126582278481	0.4848890485403885
-2.810126582278481	0.4848890485403903
-2.810126582278481	0.720046792444335
-2.810126582278481	0.7200467924443368
-2.810126582278481	0.9113924050632912
-2.810126582278481	0.9425761970890274
-2.810126582278481	0.9425761970890283
-2.810126582278481	1.1529646565726355
-2.810126582278481	1.2708759896720114
-2.810126582278481	1.2708759896720132
-2.810126582278481	1.350940030487461
-2.810126582278481	1.534102015953733
-2.810126582278481	1.5354221718408239
-2.810126582278481	1.7044390953184414
-2.810126582278481	1.745183588821678
-2.810126582278481	1.7451835888216798
-2.810126582278481	1.8550762346078407
-2.810126582278481	1.9213838947858504
-2.810126582278481	1.9213838947858508
-2.810126582278481	1.983549371460025
-2.810126582278481	2.0716225362510157
-2.810126582278481	2.0716225362510166
-2.810126582278481	2.085497725871804
-2.810126582278481	2.156549773262281
-2.810126582278481	2.156549773262282
-2.6582278481012658	0.0
-2.6582278481012658	0.044883022725471955
-2.6582278481012658	0.04488302272547284
-2.6582278481012658	0.3043790031505327
-2.6582278481012658	0.304379003150534
-2.6582278481012658	0.5474936095208203
-2.6582278481012658	0.5474936095208212
-2.6582278481012658	0.776254260173092
-2.6582278481012658	0.7762542601730928
-2.6582278481012658	0.8857142118752325
-2.6582278481012658	0.885714211875235
-2.6582278481012658	0.9916011395914348
-2.6582278481012658	1.1935560612856095
-2.6582278481012658	1.2340311500712846
-2.6582278481012658	1.381237701591182
-2.6582278481012658	1.488297565235347
-2.6582278481012658	1.488297565235349
-2.6582278481012658	1.5528125264299066
-2.6582278481012658	1.6914727178217783
-2.6582278481012658	1.6914727178217788
-2.6582278481012658	1.7054641567963973
-2.6582278481012658	1.8354784575747503
-2.6582278481012658	1.8603719565441854
-2.6582278481012658	1.8603719565441863
-2.6582278481012658	1.9385442106603175
-2.6582278481012658	2.003681917712342
-2.6582278481012658	2.0036819177123424
-2.6582278481012658	2.0103237297096417
-2.6582278481012658	2.0103237297096426
-2.6582278481012658	2.047234337416802
-2.5063291139240507	0.0
-2.5063291139240507	0.11714144497696255
-2.5063291139240507	0.11714144497696433
-2.5063291139240507	0.37026132090795505
-2.5063291139240507	0.3702613209079564
-2.5063291139240507	0.606627017788038
-2.5063291139240507	0.6066270177880388
-2.5063291139240507	0.8278935825854565
-2.5063291139240507	0.859268999922893
-2.5063291139240507	1.0345208387719058
-2.5063291139240507	1.1960518289638176
-2.5063291139240507	1.1960518289638202
-2.5063291139240507	1.2259109623372626
-2.5063291139240507	1.400421201336783
-2.5063291139240507	1.4410379210893878
-2.5063291139240507	1.4410379210893884
-2.5063291139240507	1.555366901996777
-2.5063291139240507	1.6359994350788365
-2.5063291139240507	1.6359994350788374
-2.5063291139240507	1.6871260037733262
-2.5063291139240507	1.791451362483801
-2.5063291139240507	1.7972900606884907
-2.5063291139240507	1.7972900606884916
-2.5063291139240507	1.8640485179760935
-2.5063291139240507	1.8640485179760944
-2.5063291139240507	1.9013615447530658
-2.3544303797468356	0.0
-2.3544303797468356	0.18678473317957178
-2.3544303797468356	0.18678473317957334
-2.3544303797468356	0.4327182291074898
-2.3544303797468356	0.4327182291074909
-2.3544303797468356	0.6612155249972678
-2.3544303797468356	0.8319836316534144
-2.3544303797468356	0.8319836316534182
-2.3544303797468356	0.8734274231656958
-2.3544303797468356	1.069178393846994
-2.3544303797468356	1.1568262945616061
-2.3544303797468356	1.1568262945616068
-2.3544303797468356	1.2470978006782865
-2.3544303797468356	1.3921748946701284
-2.3544303797468356	1.3921748946701296
-2.3544303797468356	1.4046827078596946
-2.3544303797468356	1.53843484896792
-2.3544303797468356	1.5785779512020146
-2.3544303797468356	1.5785779512020155
-2.3544303797468356	1.6441915554909121
-2.3544303797468356	1.7177145393169182
-2.3544303797468356	1.717714539316919
-2.3544303797468356	1.7319120381252726
-2.3544303797468356	1.7319120381252735
-2.3544303797468356	1.7554822947165385
-2.20253164556962	0.0
-2.20253164556962	0.2530709154116588
-2.20253164556962	0.25307091541165994
-2.20253164556962	0.49067162115187113
-2.20253164556962	0.7097125467002738
-2.20253164556962	0.803772550196836
-2.20253164556962	0.8037725501968371
-2.20253164556962	0.910683902077251
-2.20253164556962	1.092620380469942
-2.20253164556962	1.1162231739265105
-2.20253164556962	1.1162231739265118
-2.20253164556962	1.2532784574095412
-2.20253164556962	1.3415332961510642
-2.20253164556962	1.3415332961510655
-2.20253164556962	1.3893309893404586
-2.20253164556962	1.4967292851709497
-2.20253164556962	1.5189873417721511
-2.20253164556962	1.518987341772152
-2.20253164556962	1.5713095153876484
-2.20253164556962	1.5713095153876493
-2.20253164556962	1.609595249850729
-2.050632911392405	0.0
-2.050632911392405	0.06536676979497158
-2.050632911392405	0.06536676979497291
-2.050632911392405	0.3149200391005389
-2.050632911392405	0.5425672612660768
-2.050632911392405	0.7499318122643097
-2.050632911392405	0.7745346096596625
-2.050632911392405	0.7745346096596645
-2.050632911392405	0.936687110664444
-2.050632911392405	1.0740862499036155
-2.050632911392405	1.074086249903617
-2.050632911392405	1.1009762369098053
-2.050632911392405	1.2397167701268796
-2.050632911392405	1.2889034998843392
-2.050632911392405	1.28890349988434
-2.050632911392405	1.3490181182790946
-2.050632911392405	1.424817479942866
-2.050632911392405	1.4248174799428668
-2.050632911392405	1.4569614754367748
-2.050632911392405	1.4569614754367757
-2.050632911392405	1.4636986758181791
-1.8987341772151893	0.0
-1.8987341772151893	0.1318164153394843
-1.8987341772151893	0.370773006808671
-1.8987341772151893	0.5862059694135313
-1.8987341772151893	0.7441487826176719
-1.8987341772151893	0.744148782617674
-1.8987341772151893	0.7788748915249614
-1.8987341772151893	0.9475321022565723
-1.8987341772151893	1.0302273392088999
-1.8987341772151893	1.0302273392089012
-1.8987341772151893	1.0894604173307236
-1.8987341772151893	1.2009960919341311
-1.8987341772151893	1.2340311500712837
-1.8987341772151893	1.2340311500712846
-1.8987341772151893	1.2782172764320827
-1.8987341772151893	1.2782172764320832
-1.8987341772151893	1.3177902823259076
-1.7468354430379742	0.0
-1.7468354430379742	0.19237195276034047
-1.7468354430379742	0.4184206924981049
-1.7468354430379742	0.6185677894455578
-1.7468354430379742	0.7124682166820379
-1.7468354430379742	0.7124682166820397
-1.7468354430379742	0.7926010296699645
-1.7468354430379742	0.9383793349122717
-1.7468354430379742	0.9844163086189139
-1.7468354430379742	0.984416308618915
-1.7468354430379742	1.0525785454939047
-1.7468354430379742	1.131480252604295
-1.7468354430379742	1.1314802526042953
-1.7468354430379742	1.1718669808330833
-1.5949367088607591	0.0
-1.5949367088607591	0.003912745575098242
-1.5949367088607591	0.24481980425834893
-1.5949367088607591	0.4548244322472058
-1.5949367088607591	0.6356758265632633
-1.5949367088607591	0.6793117906328455
-1.5949367088607591	0.6793117906328471
-1.5949367088607591	0.7862122378610831
-1.5949367088607591	0.9036465179723525
-1.5949367088607591	0.9363666839952872
-1.5949367088607591	0.9845665997071761
-1.5949367088607591	0.9845665997071764
-1.5949367088607591	1.0259245033680728
-1.443037974683544	0.0
-1.443037974683544	0.0622852074083049
-1.443037974683544	0.2861086906729141
-1.443037974683544	0.4759730118506157
-1.443037974683544	0.6325700262030017
-1.443037974683544	0.6444517499421698
-1.443037974683544	0.7540270844035186
-1.443037974683544	0.8374192993149024
-1.443037974683544	0.8374192993149028
-1.443037974683544	0.8799567796856556
-1.291139240506329	0.0
-1.291139240506329	0.10966741136476721
-1.291139240506329	0.3121990984905584
-1.291139240506329	0.47684290131582874
-1.291139240506329	0.6034580916729546
-1.291139240506329	0.6075949367088607
-1.291139240506329	0.689953615273489
-1.291139240506329	0.6899536152734895
-1.291139240506329	0.7339548727343761
-1.1392405063291138	0.0
-1.1392405063291138	0.14200599387710067
-1.1392405063291138	0.3180077106988567
-1.1392405063291138	0.45152022071008346
-1.1392405063291138	0.5420377284714645
-1.1392405063291138	0.542037728471465
-1.1392405063291138	0.5683530207757883
-1.1392405063291138	0.5879050575660334
-0.9873417721518987	0.0
-0.9873417721518987	0.15417304067846005
-0.9873417721518987	0.2974931517959932
-0.9873417721518987	0.393454249470496
-0.9873417721518987	0.39345424947049656
-0.9873417721518987	0.44178511370176765
-0.8354430379746836	0.0
-0.8354430379746836	0.1400082519018815
-0.8354430379746836	0.2438157607660265
-0.8354430379746836	0.24381576076602696
-0.8354430379746836	0.29555653237254575
-0.6835443037974684	0.0
-0.6835443037974684	0.09235220573703595
-0.6835443037974684	0.09235220573703651
-0.6835443037974684	0.14914618636146992
-0.5316455696202533	0.0
-0.5316455696202533	0.0023958929495733194
0.9873417721518987	0.0
0.9873417721518987	0.04684840484100827
1.1392405063291138	0.0
1.1392405063291138	0.08634152593981903
1.1392405063291138	0.08634152593981959
1.1392405063291138	0.13220885503438795
1.291139240506329	0.0
1.291139240506329	0.0870023954704231
1.291139240506329	0.17349791907095746
1.291139240506329	0.17349791907095802
1.291139240506329	0.21749917653184458
1.4430379746835449	0.0
1.4430379746835449	4.712160915387242e-08
1.4430379746835449	0.05535483632958471
1.4430379746835449	0.1768118945301016
1.4430379746835449	0.2602041094414854
1.4430379746835449	0.26020410944148575
1.4430379746835449	0.30274158981223853
1.59493670886076	0.0
1.59493670886076	5.1619136559035694e-08
1.59493670886076	0.14823755431677998
1.59493670886076	0.2656718344280492
1.59493670886076	0.346591916162873
1.59493670886076	0.3465919161628733
1.59493670886076	0.38794981982376975
1.746835443037975	0.0
1.746835443037975	5.5755039852469285e-08
1.746835443037975	0.09386685245477555
1.746835443037975	0.2396451576970825
1.746835443037975	0.35384436827871557
1.746835443037975	0.4327460753891058
1.746835443037975	0.43274607538910614
1.746835443037975	0.4731328036178941
1.8987341772151902	0.0
1.8987341772151902	5.5755039852469285e-08
1.8987341772151902	0.019381220638886254
1.8987341772151902	0.18803843137049714
1.8987341772151902	0.3299667464446484
1.8987341772151902	0.4415024210480558
1.8987341772151902	0.5187236055460075
1.8987341772151902	0.5187236055460078
1.8987341772151902	0.5582966114398324
2.0506329113924053	0.0
2.0506329113924053	4.2146848510894035e-08
2.0506329113924053	0.11643394610748248
2.0506329113924053	0.28072307235284366
2.0506329113924053	0.41946360556991824
2.0506329113924053	0.5287649537221328
2.0506329113924053	0.6045643153859047
2.0506329113924053	0.6045643153859053
2.0506329113924053	0.6434455112612179
2.2025316455696213	0.0
2.2025316455696213	7.884953353001448e-08
2.2025316455696213	0.029671243849404005
2.2025316455696213	0.21160772224209523
2.2025316455696213	0.37226579918169433
2.2025316455696213	0.5083183311126115
2.2025316455696213	0.6157166269431027
2.2025316455696213	0.6902968571598019
2.2025316455696213	0.6902968571598023
2.2025316455696213	0.7285825916228823
2.3544303797468356	0.0
2.3544303797468356	0.12740624194826
2.3544303797468356	0.3053256487795527
2.3544303797468356	0.46291055596096065
2.3544303797468356	0.5966626970691861
2.3544303797468356	0.7024194035921782
2.3544303797468356	0.7759423874181844
2.3544303797468356	0.775942387418185
2.3544303797468356	0.8137101428178044
2.5063291139240516	0.0
2.5063291139240516	6.664001874625056e-08
2.5063291139240516	0.03198919320228644
2.5063291139240516	0.22337931676764322
2.5063291139240516	0.3978895557671632
2.5063291139240516	0.5528352564271571
2.5063291139240516	0.6845943582037067
2.5063291139240516	0.7889197169141817
2.5063291139240516	0.8592689999228956
2.5063291139240516	0.8615168724064742
2.5063291139240516	0.8615168724064746
2.5063291139240516	0.8988298991834465
2.6582278481012658	0.0
2.6582278481012658	0.13026492204510332
2.6582278481012658	0.31794656235067587
2.6582278481012658	0.4895213871894005
2.6582278481012658	0.642173017555891
2.6582278481012658	0.7721873183342444
2.6582278481012658	0.8752530714198112
2.6582278481012658	0.8857142118752325
2.6582278481012658	0.885714211875235
2.6582278481012658	0.947032590469136
2.6582278481012658	0.9470325904691368
2.6582278481012658	0.9839431981762963
2.8101265822784818	0.0
2.8101265822784818	6.664001874625056e-08
2.8101265822784818	0.02891402366124418
2.8101265822784818	0.22688939757606974
2.8101265822784818	0.4113715389294321
2.8101265822784818	0.5803884624070498
2.8101265822784818	0.7310256016964488
2.8101265822784818	0.8594987385486327
2.8101265822784818	0.9113924050632937
2.8101265822784818	0.9614470929604124
2.8101265822784818	1.0324991403508892
2.8101265822784818	1.03249914035089
2.8101265822784818	1.0690510877745725
2.962025316455696	0.0
2.962025316455696	0.1276286906564188
2.962025316455696	0.32216541187196257
2.962025316455696	0.5038541503809826
2.962025316455696	0.6706195843699837
2.962025316455696	0.8194722415279078
2.962025316455696	0.936366683995285
2.962025316455696	0.9363666839952873
2.962025316455696	0.9465735055642434
2.962025316455696	1.047523607555754
2.962025316455696	1.1179241353814815
2.962025316455696	1.1179241353814817
2.962025316455696	1.1541544007882971
3.113924050632912	0.0
3.113924050632912	7.300048299977713e-08
3.113924050632912	0.022291584870804737
3.113924050632912	0.022291584870805625
3.113924050632912	0.22479379828056745
3.113924050632912	0.41632377058653147
3.113924050632912	0.595549157387121
3.113924050632912	0.7603156882341299
3.113924050632912	0.9075756141302659
3.113924050632912	0.9606919473929281
3.113924050632912	1.0334473803145765
3.113924050632912	1.1335000927872259
3.113924050632912	1.2033136922161667
3.113924050632912	1.203313692216167
3.113924050632912	1.2392538073932033
3.2658227848101262	0.0
3.2658227848101262	0.12136959125430713
3.2658227848101262	0.12136959125430802
3.2658227848101262	0.32066943263270953
3.2658227848101262	0.5095439956446479
3.2658227848101262	0.6865784796993233
3.2658227848101262	0.8495570975781629
3.2658227848101262	0.9844163086189124
3.2658227848101262	0.984416308618915
3.2658227848101262	0.9953859926068879
3.2658227848101262	1.1201492190097038
3.2658227848101262	1.219390712771324
3.2658227848101262	1.2886727818124832
3.2658227848101262	1.2886727818124837
3.2658227848101262	1.3243498529876785
3.417721518987342	0.0
3.417721518987342	5.960464477539063e-08
3.417721518987342	0.01338865418218127
3.417721518987342	0.013388654182182158
3.417721518987342	0.21899037575245095
3.417721518987342	0.2189903757524514
3.417721518987342	0.41545868403217345
3.417721518987342	0.6019681376015757
3.417721518987342	0.7770396213849393
3.417721518987342	0.9384085987252205
3.417721518987342	1.0075822147915159
3.417721518987342	1.0075822147915168
3.417721518987342	1.0829441975181555
3.417721518987342	1.2067025721477243
3.417721518987342	1.3052070701248648
3.417721518987342	1.374005485961621
3.417721518987342	1.3740054859616215
3.417721518987342	1.408650910708208
3.417721518987342	1.40865091070821
3.417721518987342	1.409442985944359
3.5696202531645564	0.0
3.5696202531645564	0.11277234242782264
3.5696202531645564	0.11277234242782352
3.5696202531645564	0.31537946078032175
3.5696202531645564	0.31537946078032264
3.5696202531645564	0.5093228495406252
3.5696202531645564	0.6937102720749904
3.5696202531645564	0.8670115912195953
3.5696202531645564	1.0269230696806768
3.5696202531645564	1.0302273392088979
3.5696202531645564	1.0302273392088996
3.5696202531645564	1.1702837372542567
3.5696202531645564	1.293126856627811
3.5696202531645564	1.3909587615022474
3.5696202531645564	1.4410379210893869
3.5696202531645564	1.4410379210893876
3.5696202531645564	1.4593151877803332
3.5696202531645564	1.4593151877803336
3.5696202531645564	1.4945335782696971
3.7215189873417724	0.0
3.7215189873417724	5.960464477539063e-08
3.7215189873417724	0.0030461354788933193
3.7215189873417724	0.0030461354788946515
3.7215189873417724	0.21078229085182532
3.7215189873417724	0.2107822908518262
3.7215189873417724	0.4107165267061188
3.7215189873417724	0.4107165267061197
3.7215189873417724	0.6023919174877481
3.7215189873417724	0.78486319825116
3.7215189873417724	0.9565591564317297
3.7215189873417724	1.0523853008013444
3.7215189873417724	1.0523853008013462
3.7215189873417724	1.1151441267682527
3.7215189873417724	1.257432387765348
3.7215189873417724	1.3794382288547027
3.7215189873417724	1.4727128680758463
3.7215189873417724	1.4727128680758477
3.7215189873417724	1.4766537942116882
3.7215189873417724	1.5446047151990592
3.7215189873417724	1.5446047151990596
3.7215189873417724	1.5796219411998207
3.8734177215189884	0.0
3.8734177215189884	1.0323827311807139e-07
3.8734177215189884	0.10269054042024983
3.8734177215189884	0.10269054042025072
3.8734177215189884	0.30761574502043976
3.8734177215189884	0.30761574502044065
3.8734177215189884	0.505146814127251
3.8734177215189884	0.5051468141272519
3.8734177215189884	0.6947719853942977
3.8734177215189884	0.8755032694775315
3.8734177215189884	1.0457359589044533
3.8734177215189884	1.074086249903619
3.8734177215189884	1.0740862499036208
3.8734177215189884	1.2031080885525505
3.8734177215189884	1.3444133769115711
3.8734177215189884	1.4656502445629682
3.8734177215189884	1.5037207498650658
3.8734177215189884	1.5037207498650669
3.8734177215189884	1.562298902907377
3.8734177215189884	1.6298764504539913
3.8734177215189884	1.6298764504539918
3.8734177215189884	1.6647083371239368
4.025316455696203	0.0
4.025316455696203	0.2010366404531405
4.025316455696203	0.2010366404531414
4.025316455696203	0.40343256022055574
4.025316455696203	0.4034325602205566
4.025316455696203	0.5987892109161674
4.025316455696203	0.5987892109161679
4.025316455696203	0.7865506252601
4.025316455696203	0.9656939447202206
4.025316455696203	1.0953573495080449
4.025316455696203	1.0953573495080495
4.025316455696203	1.134586837468297
4.025316455696203	1.290845455775389
4.025316455696203	1.4312462849573402
4.025316455696203	1.5341020159537333
4.025316455696203	1.5341020159537344
4.025316455696203	1.5517743640006212
4.025316455696203	1.6478997933010326
4.025316455696203	1.7151324146302365
4.025316455696203	1.715132414630237
4.025316455696203	1.7497929888062012
4.177215189873419	0.0
4.177215189873419	8.429369702178807e-08
4.177215189873419	0.09167710210411806
4.177215189873419	0.0916771021041185
4.177215189873419	0.2982583024179326
4.177215189873419	0.29825830241793394
4.177215189873419	0.4983639145209775
4.177215189873419	0.4983639145209784
4.177215189873419	0.691742115631204
4.177215189873419	0.6917421156312049
4.177215189873419	0.87780083957431
4.177215189873419	1.0554884443920987
4.177215189873419	1.1162231739265143
4.177215189873419	1.2231495851003733
4.177215189873419	1.3783820420803221
4.177215189873419	1.517947737983555
4.177215189873419	1.563893185972709
4.177215189873419	1.5638931859727123
4.177215189873419	1.6378203433183454
4.177215189873419	1.7334613318258136
4.177215189873419	1.800374333650439
4.177215189873419	1.8003743336504394
4.177215189873419	1.8348760865942224
4.329113924050633	0.0
4.329113924050633	0.1903164393158192
4.329113924050633	0.1903164393158201
4.329113924050633	0.3944985145726041
4.329113924050633	0.39449851457260543
4.329113924050633	0.5925186386693002
4.329113924050633	0.5925186386693015
4.329113924050633	0.7840877710960601
4.329113924050633	0.7840877710960605
4.329113924050633	0.9685840280399913
4.329113924050633	1.136706041551574
4.329113924050633	1.136706041551577
4.329113924050633	1.144931766656565
4.329113924050633	1.3114562967908259
4.329113924050633	1.4657398487505748
4.329113924050633	1.5931273643090906
4.329113924050633	1.6045319480231535
4.329113924050633	1.723796541088352
4.329113924050633	1.8189876947629537
4.329113924050633	1.8856036902951718
4.329113924050633	1.8856036902951723
4.329113924050633	1.9199577941090653
4.481012658227849	0.0
4.481012658227849	8.429369702178807e-08
4.481012658227849	0.08008316818182637
4.481012658227849	0.08008316818182726
4.481012658227849	0.28788007369854873
4.481012658227849	0.28788007369855007
4.481012658227849	0.4898761555554785
4.481012658227849	0.48987615555548025
4.481012658227849	0.68598790367431
4.481012658227849	0.6859879036743117
4.481012658227849	0.8758955218598017
4.481012658227849	0.8758955218598021
4.481012658227849	1.0589522461104124
4.481012658227849	1.1568262945616083
4.481012658227849	1.2340622390442775
4.481012658227849	1.3995344162128553
4.481012658227849	1.5529377490991436
4.481012658227849	1.6218346711946288
4.481012658227849	1.621834671194631
4.481012658227849	1.6910111382435034
4.481012658227849	1.8097101607432942
4.481012658227849	1.9044824866085381
4.481012658227849	1.9688326172378319
4.481012658227849	1.970821765589212
4.481012658227849	1.9708217655892124
4.481012658227849	2.005038252777316
4.632911392405063	0.0
4.632911392405063	0.17898052557597444
4.632911392405063	0.17898052557597577
4.632911392405063	0.3844965640653404
4.632911392405063	0.38449656406534083
4.632911392405063	0.5844910153967189
4.632911392405063	0.5844910153967207
4.632911392405063	0.7788487512190572
4.632911392405063	0.778848751219058
4.632911392405063	0.9672242997351159
4.632911392405063	0.9672242997351164
4.632911392405063	1.1489499476635163
4.632911392405063	1.17660253555668
4.632911392405063	1.1766025355566831
4.632911392405063	1.3229127271059298
4.632911392405063	1.4874075576056702
4.632911392405063	1.6399920294726198
4.632911392405063	1.6500426062582596
4.632911392405063	1.7773958808762154
4.632911392405063	1.8955674440849832
4.632911392405063	1.9899488348482577
4.632911392405063	2.0036819177123397
4.632911392405063	2.0036819177123415
4.632911392405063	2.056029672007764
4.632911392405063	2.0560296720077647
4.632911392405063	2.090117585471124
4.784810126582279	0.0
4.784810126582279	8.429369702178807e-08
4.784810126582279	0.06812839713853158
4.784810126582279	0.0681283971385338
4.784810126582279	0.2768476362841503
4.784810126582279	0.27684763628415077
4.784810126582279	0.48027402001985986
4.784810126582279	0.48027402001986075
4.784810126582279	0.6784275832428355
4.784810126582279	0.6784275832428368
4.784810126582279	0.8711667926308864
4.784810126582279	0.8711667926308877
4.784810126582279	1.0581245459124566
4.784810126582279	1.058124545912457
4.784810126582279	1.1960518289638224
4.784810126582279	1.2386153460104483
4.784810126582279	1.411511586350409
4.784810126582279	1.5750961577282134
4.784810126582279	1.6777763570411026
4.784810126582279	1.6777763570411046
4.784810126582279	1.7269168209599597
4.784810126582279	1.863695368187316
4.784810126582279	1.9813738270417773
4.784810126582279	2.0379353718985436
4.784810126582279	2.0753894664577945
4.784810126582279	2.141228380329766
4.784810126582279	2.1412283803297663
4.936708860759493	0.0
4.936708860759493	0.1672545246684427
4.936708860759493	0.16725452466844493
4.936708860759493	0.3738006433330461
4.936708860759493	0.3738006433330465
4.936708860759493	0.5753041332202453
4.936708860759493	0.5753041332202458
4.936708860759493	0.7717579477287586
4.936708860759493	0.7717579477287595
4.936708860759493	0.9629982999758795
4.936708860759493	0.9629982999758813
4.936708860759493	1.1486397153853238
4.936708860759493	1.1486397153853243
4.936708860759493	1.2151898734177176
4.936708860759493	1.2151898734177204
4.936708860759493	1.327981488534138
4.936708860759493	1.4998834195600157
4.936708860759493	1.6626179978419877
4.936708860759493	1.705059062327365
4.936708860759493	1.8137244468849825
4.936708860759493	1.9499176315381512
4.936708860759493	2.067134066019332
4.936708860759493	2.0716225362510134
4.936708860759493	2.0716225362510152
4.936708860759493	2.160806770117492
4.936708860759493	2.2264187415131658
4.936708860759493	2.226418741513166
5.088607594936709	0.0
5.088607594936709	0.05594868611146753
5.088607594936709	0.2653927322742087
5.088607594936709	0.2653927322742109
5.088607594936709	0.46993820447411094
5.088607594936709	0.4699382044741114
5.088607594936709	0.6696652684969775
5.088607594936709	0.6696652684969779
5.088607594936709	0.8645440477062856
5.088607594936709	0.8645440477062873
5.088607594936709	1.0543918457677126
5.088607594936709	1.0543918457677144
5.088607594936709	1.2340311500712888
5.088607594936709	1.2388074673588758
5.088607594936709	1.2388074673588763
5.088607594936709	1.4170771137116864
5.088607594936709	1.5880496848316676
5.088607594936709	1.7319120381252728
5.088607594936709	1.7319120381252748
5.088607594936709	1.7499886252148151
5.088607594936709	1.9004257047573732
5.088607594936709	2.036069719826576
5.088607594936709	2.104770601602688
5.088607594936709	2.1528523411407012
5.088607594936709	2.246202847163827
5.088607594936709	2.3116015046370726
5.088607594936709	2.311601504637073
5.240506329113924	0.0
5.240506329113924	0.1552790287657726
5.240506329113924	0.3626484179513749
5.240506329113924	0.36264841795137714
5.240506329113924	0.5653447645915954
5.240506329113924	0.5653447645915959
5.240506329113924	0.763424865884027
5.240506329113924	0.7634248658840275
5.240506329113924	0.9568394399091584
5.240506329113924	0.9568394399091593
5.240506329113924	1.145389602771794
5.240506329113924	1.145389602771795
5.240506329113924	1.2525890508205508
5.240506329113924	1.3286606165695105
5.240506329113924	1.328660616569511
5.240506329113924	1.5059273408428562
5.240506329113924	1.6760291879024072
5.240506329113924	1.7583549725757301
5.240506329113924	1.8372216961767132
5.240506329113924	1.9870300967447405
5.240506329113924	2.1221578458660146
5.240506329113924	2.137404650046117
5.240506329113924	2.137404650046119
5.240506329113924	2.2385323411733142
5.240506329113924	2.331579553589854
5.240506329113924	2.3967773317121375
5.240506329113924	2.396777331712138
5.3924050632911396	0.0
5.3924050632911396	0.04362749343560868
5.3924050632911396	0.043627493435609566
5.3924050632911396	0.25366084818525936
5.3924050632911396	0.45911191770106274
5.3924050632911396	0.45911191770106496
5.3924050632911396	0.6600931016070253
5.3924050632911396	0.6600931016070266
5.3924050632911396	0.8566413296664652
5.3924050632911396	0.8566413296664657
5.3924050632911396	1.0486907023618013
5.3924050632911396	1.0486907023618022
5.3924050632911396	1.236028384590596
5.3924050632911396	1.2360283845905968
5.3924050632911396	1.2708759896720168
5.3924050632911396	1.4182279004519371
5.3924050632911396	1.4182279004519376
5.3924050632911396	1.5945542298023512
5.3924050632911396	1.7638384838928483
5.3924050632911396	1.7844060948563127
5.3924050632911396	1.9243292573696689
5.3924050632911396	2.07354601936532
5.3924050632911396	2.1695478770256775
5.3924050632911396	2.2081875072525494
5.3924050632911396	2.324177333832495
5.3924050632911396	2.4169385348792107
5.3924050632911396	2.4819468099792146
5.3924050632911396	2.481946809979215
5.3924050632911396	2.486689449682769
5.3924050632911396	2.4866894496827703
5.5443037974683556	0.0
5.5443037974683556	1.0323827311807139e-07
5.5443037974683556	0.14314124000405748
5.5443037974683556	0.14314124000405926
5.5443037974683556	0.3511901909443833
5.5443037974683556	0.5548611886689656
5.5443037974683556	0.5548611886689669
5.5443037974683556	0.7542463310169567
5.5443037974683556	0.7542463310169571
5.5443037974683556	0.9493655301639954
5.5443037974683556	0.9493655301639958
5.5443037974683556	1.1401385596203335
5.5443037974683556	1.1401385596203353
5.5443037974683556	1.2889034998843434
5.5443037974683556	1.3263404862724828
5.5443037974683556	1.3263404862724846
5.5443037974683556	1.5075346029632668
5.5443037974683556	1.5075346029632672
5.5443037974683556	1.682977238823239
5.5443037974683556	1.8100823221994455
5.5443037974683556	1.851492207501452
5.5443037974683556	2.011321977891435
5.5443037974683556	2.1599809206204355
5.5443037974683556	2.2012217842313087
5.5443037974683556	2.2941635867790384
5.5443037974683556	2.4097902243235034
5.5443037974683556	2.502281255062377
5.5443037974683556	2.523531300127013
5.5443037974683556	2.5671104621797594
5.5443037974683556	2.56711046217976
5.69620253164557	0.0
5.69620253164557	0.031215882468528466
5.69620253164557	0.24174314675781083
5.69620253164557	0.24174314675781172
5.69620253164557	0.44795004072673184
5.69620253164557	0.6499639238861494
5.69620253164557	0.6499639238861508
5.69620253164557	0.8478595013387609
5.69620253164557	0.8478595013387613
5.69620253164557	1.041642009436267
5.69620253164557	1.0416420094362675
5.69620253164557	1.2312187931291962
5.69620253164557	1.2312187931291971
5.69620253164557	1.3066823190444468
5.69620253164557	1.306682319044451
5.69620253164557	1.416354369014492
5.69620253164557	1.4163543690144929
5.69620253164557	1.596603065744531
5.69620253164557	1.5966030657445314
5.69620253164557	1.7712136015642896
5.69620253164557	1.8353993883941127
5.69620253164557	1.9390033462104288
5.69620253164557	2.098209342117989
5.69620253164557	2.2324463478530254
5.69620253164557	2.246341430936965
5.69620253164557	2.38009043633672
5.69620253164557	2.495373604360131
5.69620253164557	2.5598429690662354
5.69620253164557	2.587609021084392
5.69620253164557	2.652268755177954
5.69620253164557	2.6522687551779542
5.848101265822786	0.0
5.848101265822786	1.1920928955078125e-07
5.848101265822786	0.13089524295136057
5.848101265822786	0.3395210779184019
5.848101265822786	0.3395210779184037
5.848101265822786	0.5440125385143033
5.848101265822786	0.7444792371304079
5.848101265822786	0.7444792371304092
5.848101265822786	0.9409808764828251
5.848101265822786	0.9409808764828256
5.848101265822786	1.133509958005616
5.848101265822786	1.1335099580056165
5.848101265822786	1.3219629838250873
5.848101265822786	1.3219629838250881
5.848101265822786	1.3242224638604607
5.848101265822786	1.5060952221376178
5.848101265822786	1.5060952221376187
5.848101265822786	1.6854531099399852
5.848101265822786	1.6854531099399865
5.848101265822786	1.85927863975296
5.848101265822786	1.860371956544186
5.848101265822786	1.860371956544189
5.848101265822786	2.0263834677482357
5.848101265822786	2.1849998108097592
5.848101265822786	2.2632401659369146
5.848101265822786	2.3326334728981837
5.848101265822786	2.4659719473976858
5.848101265822786	2.580929793423105
5.848101265822786	2.5956467074382408
5.848101265822786	2.6729230033444176
5.848101265822786	2.7374221072352323
5.848101265822786	2.7374221072352327
6.0	0.0
6.0	0.018745101278798693
6.0	0.01874510127880047
6.0	0.229696950609815
6.0	0.4365514977584648
6.0	0.4365514977584666
6.0	0.6394407530321553
6.0	0.8384590185281557
6.0	0.8384590185281571
6.0	1.0336529757605417
6.0	1.0336529757605422
6.0	1.2250040126172126
6.0	1.225004012617213
6.0	1.3415332961510609
6.0	1.3415332961510662
6.0	1.4123991225130417
6.0	1.4123991225130426
6.0	1.5955854275891022
6.0	1.595585427589103
6.0	1.7741023865807193
6.0	1.7741023865807206
6.0	1.8850137183783569
6.0	1.9471860240107313
6.0	2.113642910569373
6.0	2.271700956461482
6.0	2.2936205879303517
6.0	2.293620587930354
6.0	2.4188623536838723
6.0	2.5518116105246733
6.0	2.6309632520033577
6.0	2.6664608736573756
6.0	2.7582242530915497
6.0	2.8225708941767795
6.0	2.82257089417678
6.0	2.855795024016184
