-1.7464857550242512	-0.71082803451145
-1.5871897289423682	-0.6446662431971503
-1.42779621009089	-0.5797864193378823
-6.0	-4.800000000453016
-6.0	-4.706410142226734
-6.0	-4.582208545518488
-6.0	-4.582208545518487
-6.0	-4.449362587101815
-6.0	-4.307072469496048
-6.0	-4.307072469496047
-6.0	-4.154367898079193
-6.0	-3.990053327563655
-6.0	-3.990053327563654
-6.0	-3.8126279690160407
-6.0	-3.6285359615586654
-6.0	-3.6285359615586605
-6.0	-3.6201646443988817
-6.0	-3.620164644398881
-6.0	-3.410118124654732
-6.0	-3.179004992879445
-6.0	-3.0635921071277856
-6.0	-2.9218304903804584
-6.0	-2.6309632520033577
-6.0	-2.6011521532320954
-6.0	-2.6011521532320927
-6.0	-2.293620587930354
-6.0	-2.2936205879303517
-6.0	-2.192872996395012
-6.0	-1.8850137183783569
-6.0	-1.8199151646796663
-6.0	-1.472563815065091
-6.0	-1.3415332961510662
-6.0	-1.3415332961510609
-6.0	-1.1450191122354476
-6.0	-0.8334850434866077
-6.0	-0.8334850434866063
-6.0	-0.5353142188792281
-6.0	-0.24857227654119907
-6.0	-0.24857227654119818
-5.848101265822785	-4.678481013468914
-5.848101265822785	-4.6322888147777945
-5.848101265822785	-4.5111622495951895
-5.848101265822785	-4.511162249595189
-5.848101265822785	-4.381429398032189
-5.848101265822785	-4.381429398032188
-5.848101265822785	-4.242300772790564
-5.848101265822785	-4.092818304397208
-5.848101265822785	-4.092818304397207
-5.848101265822785	-3.9318012472541115
-5.848101265822785	-3.757767152461665
-5.848101265822785	-3.757767152461664
-5.848101265822785	-3.568812189712627
-5.848101265822785	-3.5201732073968337
-5.848101265822785	-3.362421815875239
-5.848101265822785	-3.362421815875238
-5.848101265822785	-3.1351545479316907
-5.848101265822785	-2.9608008599210267
-5.848101265822785	-2.960800859921024
-5.848101265822785	-2.882075842178775
-5.848101265822785	-2.595646707438238
-5.848101265822785	-2.5027222886409546
-5.848101265822785	-2.2632401659369115
-5.848101265822785	-2.098194586551197
-5.848101265822785	-1.8603719565441852
-5.848101265822785	-1.8603719565441823
-5.848101265822785	-1.7286097164330432
-5.848101265822785	-1.3843711773804017
-5.848101265822785	-1.3242224638604554
-5.848101265822785	-1.0597493400000193
-5.848101265822785	-1.0597493400000175
-5.848101265822785	-0.7509939579852656
-5.848101265822785	-0.45548951645415503
-5.848101265822785	-0.45548951645415325
-5.848101265822785	-0.17132498418178965
-5.69620253164557	-4.5569620267662225
-5.69620253164557	-4.556962025316456
-5.69620253164557	-4.438978996314671
-5.69620253164557	-4.312426197441537
-5.69620253164557	-4.312426197441536
-5.69620253164557	-4.176524684010387
-5.69620253164557	-4.176524684010385
-5.69620253164557	-4.0303288591660555
-5.69620253164557	-3.872673048298318
-5.69620253164557	-3.872673048298317
-5.69620253164557	-3.7020934502138556
-5.69620253164557	-3.5167099451514616
-5.69620253164557	-3.5167099451514607
-5.69620253164557	-3.4119847312562688
-5.69620253164557	-3.411984731256265
-5.69620253164557	-3.3140391234336355
-5.69620253164557	-3.0906820176267056
-5.69620253164557	-3.0906820176267042
-5.69620253164557	-2.8582610264089245
-5.69620253164557	-2.841765103878944
-5.69620253164557	-2.5598429690662354
-5.69620253164557	-2.4046066066714014
-5.69620253164557	-2.2324463478530254
-5.69620253164557	-2.003886446834016
-5.69620253164557	-1.8353993883941127
-5.69620253164557	-1.6377269016959324
-5.69620253164557	-1.306682319044451
-5.69620253164557	-1.3066823190444468
-5.69620253164557	-1.296651333504348
-5.69620253164557	-1.2966513335043461
-5.69620253164557	-0.975001235192742
-5.69620253164557	-0.6690727408453521
-5.69620253164557	-0.6690727408453507
-5.69620253164557	-0.37628265676782746
-5.69620253164557	-0.094743629592287
-5.69620253164557	-0.09474362959228522
-5.544303797468355	-4.435443040565491
-5.544303797468355	-4.3656023888202276
-5.544303797468355	-4.365602388820227
-5.544303797468355	-4.242300772790565
-5.544303797468355	-4.242300772790564
-5.544303797468355	-4.109695977256309
-5.544303797468355	-3.9668551464913206
-5.544303797468355	-3.9668551464913193
-5.544303797468355	-3.8126279690160403
-5.544303797468355	-3.6455696202531644
-5.544303797468355	-3.6455696202531636
-5.544303797468355	-3.4638240762505457
-5.544303797468355	-3.303977648511796
-5.544303797468355	-3.2649395331956472
-5.544303797468355	-3.2649395331956463
-5.544303797468355	-3.0455601502425456
-5.544303797468355	-2.8008742655067005
-5.544303797468355	-2.800874265506699
-5.544303797468355	-2.7559830130035676
-5.544303797468355	-2.523531300127011
-5.544303797468355	-2.306818294144006
-5.544303797468355	-2.201221784231306
-5.544303797468355	-1.909964339382845
-5.544303797468355	-1.8100823221994427
-5.544303797468355	-1.5472849719509951
-5.544303797468355	-1.5472849719509933
-5.544303797468355	-1.2889034998843392
-5.544303797468355	-1.2094250016534134
-5.544303797468355	-0.8907980007672145
-5.544303797468355	-0.8907980007672127
-5.544303797468355	-0.5877471278153861
-5.544303797468355	-0.2977219817420469
-5.544303797468355	-0.2977219817420451
-5.544303797468355	-0.018859258477448293
-5.3924050632911396	-4.313924055259337
-5.3924050632911396	-4.2909712076432
-5.3924050632911396	-4.17099652184688
-5.3924050632911396	-4.041762439184833
-5.3924050632911396	-4.041762439184832
-5.3924050632911396	-3.902349137822318
-5.3924050632911396	-3.9023491378223176
-5.3924050632911396	-3.7516219853858646
-5.3924050632911396	-3.7516219853858632
-5.3924050632911396	-3.5881554868914582
-5.3924050632911396	-3.4101181246547316
-5.3924050632911396	-3.4101181246547303
-5.3924050632911396	-3.2150902007873507
-5.3924050632911396	-3.1961595725598544
-5.3924050632911396	-2.99975964427314
-5.3924050632911396	-2.9997596442731385
-5.3924050632911396	-2.7593775379116385
-5.3924050632911396	-2.6539779649044437
-5.3924050632911396	-2.4866894496827703
-5.3924050632911396	-2.486689449682769
-5.3924050632911396	-2.209371487775301
-5.3924050632911396	-2.1695478770256775
-5.3924050632911396	-1.816445178812625
-5.3924050632911396	-1.8164451788126232
-5.3924050632911396	-1.7844060948563127
-5.3924050632911396	-1.4573035338603457
-5.3924050632911396	-1.2708759896720168
-5.3924050632911396	-1.1227144631837636
-5.3924050632911396	-1.1227144631837618
-5.3924050632911396	-0.8071646200028573
-5.3924050632911396	-0.5070448652322987
-5.3924050632911396	-0.507044865232297
-5.3924050632911396	-0.21983809172757418
-5.240506329113924	-4.19240507154603
-5.240506329113924	-4.098451917943911
-5.240506329113924	-3.9726673915813726
-5.240506329113924	-3.972667391581372
-5.240506329113924	-3.836758766678001
-5.240506329113924	-3.8367587666780008
-5.240506329113924	-3.68960743336439
-5.240506329113924	-3.6896074333643893
-5.240506329113924	-3.5298076066700506
-5.240506329113924	-3.529807606670049
-5.240506329113924	-3.3555527140822043
-5.240506329113924	-3.1644556945822253
-5.240506329113924	-3.1644556945822244
-5.240506329113924	-3.0885386652070657
-5.240506329113924	-2.9532489258567454
-5.240506329113924	-2.717247162531389
-5.240506329113924	-2.717247162531388
-5.240506329113924	-2.5522578419927044
-5.240506329113924	-2.449293493153989
-5.240506329113924	-2.137404650046119
-5.240506329113924	-2.137404650046117
-5.240506329113924	-2.112281373371924
-5.240506329113924	-2.1122813733719212
-5.240506329113924	-1.7583549725757301
-5.240506329113924	-1.7233471547116026
-5.240506329113924	-1.3678036961429365
-5.240506329113924	-1.3678036961429347
-5.240506329113924	-1.2525890508205508
-5.240506329113924	-1.0365437357855605
-5.240506329113924	-0.7241280589228465
-5.240506329113924	-0.7241280589228447
-5.240506329113924	-0.42699594589805034
-5.240506329113924	-0.14266412109433935
-5.240506329113924	-0.14266412109433624
-5.088607594936709	-4.070886090666127
-5.088607594936709	-4.024599888453197
-5.088607594936709	-4.024599888453196
-5.088607594936709	-3.9023491378223185
-5.088607594936709	-3.7700274367567164
-5.088607594936709	-3.770027436756716
-5.088607594936709	-3.626532573057213
-5.088607594936709	-3.6265325730572124
-5.088607594936709	-3.47047888368482
-5.088607594936709	-3.4704788836848195
-5.088607594936709	-3.3000852125165223
-5.088607594936709	-3.3000852125165205
-5.088607594936709	-3.1129977010510177
-5.088607594936709	-2.9811236939315227
-5.088607594936709	-2.9059938941330117
-5.088607594936709	-2.905993894133011
-5.088607594936709	-2.6744531941760528
-5.088607594936709	-2.450835505267208
-5.088607594936709	-2.4508355052672055
-5.088607594936709	-2.4113176505905143
-5.088607594936709	-2.4113176505905125
-5.088607594936709	-2.104770601602688
-5.088607594936709	-2.0155642991260345
-5.088607594936709	-1.7319120381252748
-5.088607594936709	-1.7319120381252728
-5.088607594936709	-1.6306898720534448
-5.088607594936709	-1.630689872053443
-5.088607594936709	-1.2788082386983293
-5.088607594936709	-1.2340311500712888
-5.088607594936709	-0.9509387740996917
-5.088607594936709	-0.95093877409969
-5.088607594936709	-0.6417175026371948
-5.088607594936709	-0.34763288748646337
-5.088607594936709	-0.34763288748646026
-5.088607594936709	-0.06623606833721274
-5.088607594936709	-0.0662360683372123
-4.936708860759493	-3.949367114821145
-4.936708860759493	-3.9493670886075947
-4.936708860759493	-3.830740317848655
-4.936708860759493	-3.8307403178486545
-4.936708860759493	-3.702093450213855
-4.936708860759493	-3.7020934502138547
-4.936708860759493	-3.562341083410199
-4.936708860759493	-3.5623410834101983
-4.936708860759493	-3.410118124654731
-4.936708860759493	-3.4101181246547307
-4.936708860759493	-3.2436693423892584
-4.936708860759493	-3.243669342389258
-4.936708860759493	-3.060674685510362
-4.936708860759493	-3.06067468551036
-4.936708860759493	-2.873924097280393
-4.936708860759493	-2.87392409728039
-4.936708860759493	-2.8579576286926742
-4.936708860759493	-2.630963252003357
-4.936708860759493	-2.6309632520033555
-4.936708860759493	-2.3727340787564506
-4.936708860759493	-2.349724815810723
-4.936708860759493	-2.0716225362510152
-4.936708860759493	-2.0716225362510134
-4.936708860759493	-1.9192379057869076
-4.936708860759493	-1.919237905786905
-4.936708860759493	-1.705059062327365
-4.936708860759493	-1.5384945132526706
-4.936708860759493	-1.2151898734177204
-4.936708860759493	-1.2151898734177176
-4.936708860759493	-1.190341808953673
-4.936708860759493	-1.1903418089536713
-4.936708860759493	-0.8659277044649789
-4.936708860759493	-0.5599646348465881
-4.936708860759493	-0.5599646348465859
-4.936708860759493	-0.26899106655728255
-4.936708860759493	-0.2689910665572821
-4.784810126582278	-3.8278481479133006
-4.784810126582278	-3.757767152461665
-4.784810126582278	-3.6328893396763737
-4.784810126582278	-3.6328893396763733
-4.784810126582278	-3.496971473383698
-4.784810126582278	-3.4969714733836974
-4.784810126582278	-3.3486695217795344
-4.784810126582278	-3.348669521779534
-4.784810126582278	-3.186254728618182
-4.784810126582278	-3.1862547286181817
-4.784810126582278	-3.007441499730126
-4.784810126582278	-3.0074414997301253
-4.784810126582278	-2.8091000519858627
-4.784810126582278	-2.809100051985861
-4.784810126582278	-2.7669500600024604
-4.784810126582278	-2.586742232798946
-4.784810126582278	-2.33351263226388
-4.784810126582278	-2.333512632263879
-4.784810126582278	-2.2489407488218847
-4.784810126582278	-2.248940748821882
-4.784810126582278	-2.037935371898542
-4.784810126582278	-1.8233212773001242
-4.784810126582278	-1.6777763570411026
-4.784810126582278	-1.6777763570411004
-4.784810126582278	-1.4467840267911183
-4.784810126582278	-1.446784026791116
-4.784810126582278	-1.1960518289638193
-4.784810126582278	-1.1024311521796557
-4.784810126582278	-0.781541103160651
-4.784810126582278	-0.7815411031606483
-4.784810126582278	-0.47890397381366645
-4.784810126582278	-0.4789039738136651
-4.784810126582278	-0.19110912761924892
-4.784810126582278	-0.19110912761924803
-4.632911392405063	-3.7063291968504064
-4.632911392405063	-3.683348552804701
-4.632911392405063	-3.6833485528047003
-4.632911392405063	-3.5623410834101996
-4.632911392405063	-3.4303563920920146
-4.632911392405063	-3.4303563920920137
-4.632911392405063	-3.286072048524142
-4.632911392405063	-3.1277863719454175
-4.632911392405063	-3.127786371945417
-4.632911392405063	-2.9532489258567467
-4.632911392405063	-2.9532489258567463
-4.632911392405063	-2.7593775379116376
-4.632911392405063	-2.759377537911637
-4.632911392405063	-2.660212599985487
-4.632911392405063	-2.6602125999854835
-4.632911392405063	-2.541751979344027
-4.632911392405063	-2.541751979344025
-4.632911392405063	-2.2936205879303535
-4.632911392405063	-2.148499526022182
-4.632911392405063	-2.0036819177123415
-4.632911392405063	-2.0036819177123397
-4.632911392405063	-1.727835116685731
-4.632911392405063	-1.7278351166857289
-4.632911392405063	-1.6500426062582596
-4.632911392405063	-1.355583349115229
-4.632911392405063	-1.1766025355566831
-4.632911392405063	-1.17660253555668
-4.632911392405063	-1.015105385203889
-4.632911392405063	-1.0151053852038863
-4.632911392405063	-0.6978123316311606
-4.632911392405063	-0.6978123316311597
-4.632911392405063	-0.3985732845533829
-4.632911392405063	-0.39857328455338203
-4.632911392405063	-0.11402949691277087
-4.632911392405063	-0.11402949691277042
-4.481012658227848	-3.5848102738440057
-4.481012658227848	-3.490367177643359
-4.481012658227848	-3.4903671776433587
-4.481012658227848	-3.362421815875239
-4.481012658227848	-3.2222587497108495
-4.481012658227848	-3.2222587497108486
-4.481012658227848	-3.068204031907467
-4.481012658227848	-3.0682040319074666
-4.481012658227848	-2.8980431435451512
-4.481012658227848	-2.8980431435451504
-4.481012658227848	-2.7087424557154955
-4.481012658227848	-2.7087424557154947
-4.481012658227848	-2.553723669747082
-4.481012658227848	-2.4959508949602505
-4.481012658227848	-2.49595089496025
-4.481012658227848	-2.2530223251936197
-4.481012658227848	-2.253022325193617
-4.481012658227848	-2.048418770874636
-4.481012658227848	-2.0484187708746333
-4.481012658227848	-1.96883261723783
-4.481012658227848	-1.63280195367699
-4.481012658227848	-1.6218346711946288
-4.481012658227848	-1.6218346711946268
-4.481012658227848	-1.2649196691936422
-4.481012658227848	-1.2649196691936386
-4.481012658227848	-1.1568262945616052
-4.481012658227848	-0.9283963271096578
-4.481012658227848	-0.9283963271096569
-4.481012658227848	-0.6147779486961769
-4.481012658227848	-0.614777948696176
-4.481012658227848	-0.3190140973324165
-4.481012658227848	-0.3190140973324156
-4.481012658227848	-0.03779904716114446
-4.481012658227848	-0.03779904716114402
-4.329113924050633	-3.463291400449345
-4.329113924050633	-3.4168775329221246
-4.329113924050633	-3.2930860843562737
-4.329113924050633	-3.293086084356273
-4.329113924050633	-3.1571559024040297
-4.329113924050633	-3.0074414997301266
-4.329113924050633	-3.0074414997301258
-4.329113924050633	-2.8417651038789433
-4.329113924050633	-2.841765103878943
-4.329113924050633	-2.6571426356257066
-4.329113924050633	-2.657142635625706
-4.329113924050633	-2.449293493153991
-4.329113924050633	-2.44929349315399
-4.329113924050633	-2.447496276238799
-4.329113924050633	-2.4474962762387955
-4.329113924050633	-2.2116789537054746
-4.329113924050633	-2.2116789537054737
-4.329113924050633	-1.948717692738275
-4.329113924050633	-1.9333552498265107
-4.329113924050633	-1.9333552498265079
-4.329113924050633	-1.5931273643090906
-4.329113924050633	-1.5382463933080883
-4.329113924050633	-1.5382463933080848
-4.329113924050633	-1.1748227492987309
-4.329113924050633	-1.1748227492987295
-4.329113924050633	-1.136706041551577
-4.329113924050633	-1.136706041551574
-4.329113924050633	-0.8423389070783638
-4.329113924050633	-0.8423389070783625
-4.329113924050633	-0.5324782301866375
-4.329113924050633	-0.5324782301866366
-4.329113924050633	-0.24027237929826573
-4.329113924050633	-0.24027237929826528
-4.177215189873418	-3.3417726146534372
-4.177215189873418	-3.3417721518987342
-4.177215189873418	-3.341772151898734
-4.177215189873418	-3.22225874971085
-4.177215189873418	-3.0906820176267047
-4.177215189873418	-3.0906820176267042
-4.177215189873418	-2.945425736151694
-4.177215189873418	-2.784349789340258
-4.177215189873418	-2.784349789340257
-4.177215189873418	-2.604520739161861
-4.177215189873418	-2.6045207391618606
-4.177215189873418	-2.4017298684823136
-4.177215189873418	-2.4017298684823127
-4.177215189873418	-2.341544624264478
-4.177215189873418	-2.169547877025677
-4.177215189873418	-2.169547877025676
-4.177215189873418	-1.897214581791919
-4.177215189873418	-1.8972145817919182
-4.177215189873418	-1.8494173086724204
-4.177215189873418	-1.8494173086724164
-4.177215189873418	-1.56389318597271
-4.177215189873418	-1.5638931859727068
-4.177215189873418	-1.444195418788476
-4.177215189873418	-1.4441954187884747
-4.177215189873418	-1.1162231739265112
-4.177215189873418	-1.0853253221713253
-4.177215189873418	-1.085325322171324
-4.177215189873418	-0.7569716800510595
-4.177215189873418	-0.7569716800510582
-4.177215189873418	-0.45095784331869115
-4.177215189873418	-0.4509578433186907
-4.177215189873418	-0.16239943324996675
-4.177215189873418	-0.16239943324996498
-4.025316455696203	-3.2202539832840698
-4.025316455696203	-3.14983919291054
-4.025316455696203	-3.1498391929105396
-4.025316455696203	-3.0227466443745423
-4.025316455696203	-2.882075842178777
-4.025316455696203	-2.882075842178776
-4.025316455696203	-2.7257253334065363
-4.025316455696203	-2.5508135124678484
-4.025316455696203	-2.5508135124678475
-4.025316455696203	-2.353205071113368
-4.025316455696203	-2.3532050711133676
-4.025316455696203	-2.235884291221006
-4.025316455696203	-2.235884291221001
-4.025316455696203	-2.1265822784810133
-4.025316455696203	-2.1265822784810124
-4.025316455696203	-1.8603719565441874
-4.025316455696203	-1.8603719565441865
-4.025316455696203	-1.7505407156609394
-4.025316455696203	-1.7505407156609383
-4.025316455696203	-1.5341020159537344
-4.025316455696203	-1.5341020159537333
-4.025316455696203	-1.3506787685727
-4.025316455696203	-1.350678768572699
-4.025316455696203	-1.0953573495080495
-4.025316455696203	-1.0953573495080449
-4.025316455696203	-0.9964635952874903
-4.025316455696203	-0.9964635952874894
-4.025316455696203	-0.6723374978709891
-4.025316455696203	-0.6723374978709882
-4.025316455696203	-0.37026675050844116
-4.025316455696203	-0.3702667505084398
-4.025316455696203	-0.08545314177169816
-3.873417721518987	-3.098735623682562
-3.873417721518987	-3.0757149465291014
-3.873417721518987	-2.953248925856746
-3.873417721518987	-2.9532489258567454
-3.873417721518987	-2.817301821416416
-3.873417721518987	-2.6658119657900112
-3.873417721518987	-2.6658119657900103
-3.873417721518987	-2.4959508949602505
-3.873417721518987	-2.3036583627498377
-3.873417721518987	-2.303658362749837
-3.873417721518987	-2.130532444694473
-3.873417721518987	-2.1305324446944716
-3.873417721518987	-2.082730511514241
-3.873417721518987	-2.0827305115142405
-3.873417721518987	-1.8227848101265816
-3.873417721518987	-1.8227848101265804
-3.873417721518987	-1.6521134324842777
-3.873417721518987	-1.6521134324842763
-3.873417721518987	-1.5037207498650635
-3.873417721518987	-1.5037207498650622
-3.873417721518987	-1.257729418072302
-3.873417721518987	-1.2577294180723007
-3.873417721518987	-1.0740862499036157
-3.873417721518987	-1.0740862499036141
-3.873417721518987	-0.9082779100017686
-3.873417721518987	-0.9082779100017677
-3.873417721518987	-0.5884844111295724
-3.873417721518987	-0.5884844111295706
-3.873417721518987	-0.2904614618263186
-3.873417721518987	-0.009499746582316337
-3.873417721518987	-0.009499746582314561
-3.721518987341772	-2.9772177414566623
-3.721518987341772	-2.882075842178776
-3.721518987341772	-2.7510030799404808
-3.721518987341772	-2.75100307994048
-3.721518987341772	-2.60452073916186
-3.721518987341772	-2.439854947474786
-3.721518987341772	-2.4398549474747853
-3.721518987341772	-2.2530223251936192
-3.721518987341772	-2.0379353718985427
-3.721518987341772	-2.0379353718985413
-3.721518987341772	-2.0255081206081478
-3.721518987341772	-2.025508120608146
-3.721518987341772	-1.7844060948563139
-3.721518987341772	-1.7844060948563132
-3.721518987341772	-1.5541638408663037
-3.721518987341772	-1.5541638408663023
-3.721518987341772	-1.4727128680758463
-3.721518987341772	-1.4727128680758452
-3.721518987341772	-1.1653842134972363
-3.721518987341772	-1.1653842134972354
-3.721518987341772	-1.0523853008013444
-3.721518987341772	-1.0523853008013426
-3.721518987341772	-0.8208136310119998
-3.721518987341772	-0.820813631011998
-3.721518987341772	-0.505466921684401
-3.721518987341772	-0.21160682733733038
-3.721518987341772	-0.2116068273373286
-3.569620253164557	-2.8557006960526112
-3.569620253164557	-2.855700650753081
-3.569620253164557	-2.809100051985863
-3.569620253164557	-2.8091000519858618
-3.569620253164557	-2.6830665923021306
-3.569620253164557	-2.541751979344027
-3.569620253164557	-2.541751979344026
-3.569620253164557	-2.3824385531176895
-3.569620253164557	-2.2012217842313073
-3.569620253164557	-2.201221784231306
-3.569620253164557	-1.99213322257276
-3.569620253164557	-1.9208325896406255
-3.569620253164557	-1.9208325896406238
-3.569620253164557	-1.7451835888216798
-3.569620253164557	-1.7451835888216785
-3.569620253164557	-1.4567237723955426
-3.569620253164557	-1.4567237723955417
-3.569620253164557	-1.4410379210893887
-3.569620253164557	-1.441037921089388
-3.569620253164557	-1.0736847329858588
-3.569620253164557	-1.0736847329858565
-3.569620253164557	-1.0302273392089014
-3.569620253164557	-1.0302273392088996
-3.569620253164557	-0.7341223865116975
-3.569620253164557	-0.42334777823781744
-3.569620253164557	-0.42334777823781566
-3.569620253164557	-0.13377867640775598
-3.569620253164557	-5.960464477539063e-08
-3.4177215189873418	-2.7341851142748315
-3.4177215189873418	-2.7341772151898738
-3.4177215189873418	-2.7341772151898733
-3.4177215189873418	-2.6133646380888997
-3.4177215189873418	-2.6133646380888984
-3.4177215189873418	-2.4773933818177354
-3.4177215189873418	-2.3236038289789906
-3.4177215189873418	-2.3236038289789898
-3.4177215189873418	-2.148172499807233
-3.4177215189873418	-1.9452529328909922
-3.4177215189873418	-1.945252932890991
-3.4177215189873418	-1.81652985601737
-3.4177215189873418	-1.8165298560173686
-3.4177215189873418	-1.705059062327366
-3.4177215189873418	-1.4086509107082086
-3.4177215189873418	-1.4086509107082068
-3.4177215189873418	-1.3598293151875402
-3.4177215189873418	-1.3598293151875378
-3.4177215189873418	-1.007582214791515
-3.4177215189873418	-1.007582214791514
-3.4177215189873418	-0.9826784951336396
-3.4177215189873418	-0.6482638520918997
-3.4177215189873418	-0.648263852091898
-3.4177215189873418	-0.34220062375914573
-3.4177215189873418	-0.05706779519796923
-3.4177215189873418	-0.0570677951979679
-3.2658227848101267	-2.6126720860943635
-3.2658227848101267	-2.6126720540627586
-3.2658227848101267	-2.541751979344027
-3.2658227848101267	-2.4113176505905134
-3.2658227848101267	-2.411317650590512
-3.2658227848101267	-2.2632401659369124
-3.2658227848101267	-2.0937795572795275
-3.2658227848101267	-2.093779557279526
-3.2658227848101267	-1.8972145817919186
-3.2658227848101267	-1.7126273596108463
-3.2658227848101267	-1.7126273596108434
-3.2658227848101267	-1.6639672633068339
-3.2658227848101267	-1.6639672633068325
-3.2658227848101267	-1.3755015399702408
-3.2658227848101267	-1.263521958960498
-3.2658227848101267	-0.9844163086189159
-3.2658227848101267	-0.9844163086189133
-3.2658227848101267	-0.8924207078113033
-3.2658227848101267	-0.8924207078113016
-3.2658227848101267	-0.5633083882862278
-3.2658227848101267	-0.2621139885250048
-3.2658227848101267	-0.26211398852500256
-3.2658227848101267	-4.2146848510894035e-08
-3.113924050632911	-2.4911635009966626
-3.113924050632911	-2.4680623001425706
-3.113924050632911	-2.46806230014257
-3.113924050632911	-2.343379537297445
-3.113924050632911	-2.3433795372974444
-3.113924050632911	-2.2012217842313073
-3.113924050632911	-2.201221784231306
-3.113924050632911	-2.0379353718985422
-3.113924050632911	-1.8479278573057878
-3.113924050632911	-1.8479278573057867
-3.113924050632911	-1.6218346711946294
-3.113924050632911	-1.6091569961547008
-3.113924050632911	-1.341533296151065
-3.113924050632911	-1.3415332961510635
-3.113924050632911	-1.167850269685131
-3.113924050632911	-1.167850269685129
-3.113924050632911	-0.9606919473929253
-3.113924050632911	-0.8029768671756106
-3.113924050632911	-0.47934102734048967
-3.113924050632911	-0.4793410273404879
-3.113924050632911	-0.18319741182406135
-2.962025316455696	-2.369662623008767
-2.962025316455696	-2.2734120831031546
-2.962025316455696	-2.273412083103154
-2.962025316455696	-2.1374046500461197
-2.962025316455696	-2.1374046500461192
-2.962025316455696	-1.9805171863906783
-2.962025316455696	-1.9805171863906768
-2.962025316455696	-1.7972900606884905
-2.962025316455696	-1.5785779512020144
-2.962025316455696	-1.578577951202013
-2.962025316455696	-1.5061566417589658
-2.962025316455696	-1.5061566417589631
-2.962025316455696	-1.3066823190444496
-2.962025316455696	-1.0728724016451903
-2.962025316455696	-0.9363666839952873
-2.962025316455696	-0.936366683995285
-2.962025316455696	-0.7144267028148006
-2.962025316455696	-0.7144267028147986
-2.962025316455696	-0.39646759517914343
-2.962025316455696	-0.10559091744453486
-2.962025316455696	-0.1055909174445322
-2.810126582278481	-2.2481750684308244
-2.810126582278481	-2.2012217842313073
-2.810126582278481	-2.2012217842313064
-2.810126582278481	-2.0716225362510166
-2.810126582278481	-2.0716225362510157
-2.810126582278481	-1.9213838947858508
-2.810126582278481	-1.9213838947858504
-2.810126582278481	-1.7451835888216798
-2.810126582278481	-1.745183588821678
-2.810126582278481	-1.534102015953733
-2.810126582278481	-1.4036724831063134
-2.810126582278481	-1.2708759896720132
-2.810126582278481	-1.2708759896720114
-2.810126582278481	-0.9786599404130447
-2.810126582278481	-0.9786599404130425
-2.810126582278481	-0.9113924050632912
-2.810126582278481	-0.626870256013002
-2.810126582278481	-0.3148241984324167
-2.810126582278481	-0.31482419843241405
-2.810126582278481	-0.029479721990256724
-2.810126582278481	-0.02947972199025628
-2.6582278481012658	-2.126710457789858
-2.6582278481012658	-2.126582278481013
-2.6582278481012658	-2.1265822784810124
-2.6582278481012658	-2.0036819177123424
-2.6582278481012658	-2.003681917712342
-2.6582278481012658	-1.8603719565441863
-2.6582278481012658	-1.8603719565441854
-2.6582278481012658	-1.6914727178217788
-2.6582278481012658	-1.6914727178217783
-2.6582278481012658	-1.488297565235349
-2.6582278481012658	-1.488297565235347
-2.6582278481012658	-1.30176263837404
-2.6582278481012658	-1.301762638374037
-2.6582278481012658	-1.2340311500712846
-2.6582278481012658	-0.885714211875235
-2.6582278481012658	-0.8857142118752325
-2.6582278481012658	-0.8853038609191057
-2.6582278481012658	-0.5404373231934714
-2.6582278481012658	-0.5404373231934687
-2.6582278481012658	-0.23459196331839482
-2.6582278481012658	-0.23459196331839394
-2.5063291139240507	-2.0052851862346586
-2.5063291139240507	-1.93335524982651
-2.5063291139240507	-1.9333552498265094
-2.5063291139240507	-1.7972900606884916
-2.5063291139240507	-1.7972900606884907
-2.5063291139240507	-1.6359994350788374
-2.5063291139240507	-1.6359994350788365
-2.5063291139240507	-1.4410379210893884
-2.5063291139240507	-1.4410379210893878
-2.5063291139240507	-1.2005028418673265
-2.5063291139240507	-1.1960518289638202
-2.5063291139240507	-1.1960518289638176
-2.5063291139240507	-0.859268999922893
-2.5063291139240507	-0.7929238295952767
-2.5063291139240507	-0.7929238295952734
-2.5063291139240507	-0.4553021556704544
-2.5063291139240507	-0.4553021556704535
-2.5063291139240507	-0.15601984042363637
-2.5063291139240507	-0.15601984042363504
-2.3544303797468356	-1.8839270286441683
-2.3544303797468356	-1.8603719565441863
-2.3544303797468356	-1.8603719565441856
-2.3544303797468356	-1.7319120381252735
-2.3544303797468356	-1.7319120381252726
-2.3544303797468356	-1.5785779512020155
-2.3544303797468356	-1.5785779512020146
-2.3544303797468356	-1.3921748946701296
-2.3544303797468356	-1.3921748946701284
-2.3544303797468356	-1.1568262945616068
-2.3544303797468356	-1.1568262945616061
-2.3544303797468356	-1.0999954063866262
-2.3544303797468356	-1.099995406386622
-2.3544303797468356	-0.8319836316534182
-2.3544303797468356	-0.8319836316534144
-2.3544303797468356	-0.7016827386670117
-2.3544303797468356	-0.7016827386670106
-2.3544303797468356	-0.3717062379696976
-2.3544303797468356	-0.37170623796969626
-2.3544303797468356	-0.07945950506820232
-2.3544303797468356	-0.07945950506820076
-2.20253164556962	-1.7626827132786629
-2.20253164556962	-1.6639672633068336
-2.20253164556962	-1.663967263306833
-2.20253164556962	-1.518987341772152
-2.20253164556962	-1.5189873417721511
-2.20253164556962	-1.3415332961510655
-2.20253164556962	-1.3415332961510642
-2.20253164556962	-1.1162231739265118
-2.20253164556962	-1.1162231739265105
-2.20253164556962	-1.00038333121968
-2.20253164556962	-1.0003833312196786
-2.20253164556962	-0.8037725501968371
-2.20253164556962	-0.803772550196836
-2.20253164556962	-0.6118092925702903
-2.20253164556962	-0.6118092925702887
-2.20253164556962	-0.28999318974236754
-2.20253164556962	-0.28999318974236554
-2.20253164556962	-0.005417782884243438
-2.20253164556962	-0.005417782884241884
-2.050632911392405	-1.6416302162047178
-2.050632911392405	-1.5931273643090909
-2.050632911392405	-1.4569614754367757
-2.050632911392405	-1.4569614754367748
-2.050632911392405	-1.28890349988434
-2.050632911392405	-1.2889034998843392
-2.050632911392405	-1.074086249903617
-2.050632911392405	-1.0740862499036155
-2.050632911392405	-0.9018723482485378
-2.050632911392405	-0.9018723482485358
-2.050632911392405	-0.7745346096596645
-2.050632911392405	-0.7745346096596625
-2.050632911392405	-0.5236326917258718
-2.050632911392405	-0.5236326917258696
-2.050632911392405	-0.21066124955442378
-2.050632911392405	-0.210661249554422
-1.8987341772151893	-1.520898398425324
-1.8987341772151893	-1.5189873417721516
-1.8987341772151893	-1.392174894670128
-1.8987341772151893	-1.2340311500712846
-1.8987341772151893	-1.2340311500712837
-1.8987341772151893	-1.0302273392089012
-1.8987341772151893	-1.0302273392088999
-1.8987341772151893	-0.8047649136986319
-1.8987341772151893	-0.8047649136986293
-1.8987341772151893	-0.744148782617674
-1.8987341772151893	-0.7441487826176719
-1.8987341772151893	-0.4376348785032005
-1.8987341772151893	-0.4376348785031987
-1.8987341772151893	-0.13444002431824464
-1.8987341772151893	-0.13444002431824353
-1.7468354430379742	-1.4006977353235046
-1.7468354430379742	-1.3242224638604574
-1.7468354430379742	-1.1766025355566831
-1.7468354430379742	-0.984416308618915
-1.7468354430379742	-0.9844163086189139
-1.7468354430379742	-0.7124682166820397
-1.7468354430379742	-0.7124682166820379
-1.7468354430379742	-0.7095115584590588
-1.7468354430379742	-0.7095115584590566
-1.7468354430379742	-0.3545270506574887
-1.7468354430379742	-0.3545270506574876
-1.7468354430379742	-0.062398324422176854
-1.5949367088607591	-1.2813671499728496
-1.5949367088607591	-1.2525890508205546
-1.5949367088607591	-1.1162231739265112
-1.5949367088607591	-0.9363666839952872
-1.5949367088607591	-0.6793117906328471
-1.5949367088607591	-0.6793117906328455
-1.5949367088607591	-0.6167862311623438
-1.5949367088607591	-0.6167862311623422
-1.5949367088607591	-0.2753573184442808
-1.443037974683544	-1.1634429388787488
-1.443037974683544	-1.0523853008013428
-1.443037974683544	-0.8857142118752354
-1.443037974683544	-0.6444517499421698
-1.443037974683544	-0.527592415160093
-1.443037974683544	-0.20165381241931435
-1.291139240506329	-1.0477554919515852
-1.291139240506329	-0.9844163086189152
-1.291139240506329	-0.8319836316534166
-1.291139240506329	-0.6075949367088607
-1.291139240506329	-0.4434042083812022
-1.291139240506329	-0.13559980797956217
-1.1392405063291138	-0.9355561071153793
-1.1392405063291138	-0.9113924050632909
-1.1392405063291138	-0.7745346096596633
-1.1392405063291138	-0.5683530207757883
-1.1392405063291138	-0.3663388190820026
-1.1392405063291138	-0.08022242667970725
-0.9873417721518987	-0.8286668617070447
-0.9873417721518987	-0.7124682166820397
-0.9873417721518987	-0.5261926504006714
-0.9873417721518987	-0.2993420625519839
-0.9873417721518987	-0.03955613612809317
-0.8354430379746836	-0.7296282236919372
-0.8354430379746836	-0.6444517499421698
-0.8354430379746836	-0.4803459736964626
-0.8354430379746836	-0.24634878763257484
-0.8354430379746836	-0.01873093625753064
-0.6835443037974684	-0.6417914744773294
-0.6835443037974684	-0.5683530207757885
-0.6835443037974684	-0.4296344999614465
-0.6835443037974684	-0.21237179307832332
-0.6835443037974684	-0.023976273933394632
-0.5316455696202533	-0.5261926504006719
-0.5316455696202533	-0.5261926504006716
-0.5316455696202533	-0.48034597369646315
-0.5316455696202533	-0.4803459736964627
-0.5316455696202533	-0.3720743913088372
-0.5316455696202533	-0.20352777916372072
-0.5316455696202533	-0.06274793104514448
-0.5316455696202533	-0.06274793104514381
-0.3797468354430382	-0.37207439130883757
-0.3797468354430382	-0.37207439130883735
-0.3797468354430382	-0.3037974683544311
-0.3797468354430382	-0.30379746835443044
-0.3797468354430382	-0.227304541940532
-0.3797468354430382	-0.22730454194053118
-0.3797468354430382	-0.1451137307956638
0.3797468354430382	-0.37207439130883757
0.3797468354430382	-0.37207439130883735
0.3797468354430382	-0.3037974683544311
0.3797468354430382	-0.30379746835443044
0.3797468354430382	-0.29701246497287903
0.5316455696202533	-0.5261926504006719
0.5316455696202533	-0.5261926504006716
0.5316455696202533	-0.48034597369646315
0.5316455696202533	-0.4803459736964627
0.5316455696202533	-0.416186007011822
0.5316455696202533	-0.3720743913088372
0.5316455696202533	-0.27540615889324577
0.5316455696202533	-0.2754061588932451
0.5316455696202533	-0.21026233489852797
0.6835443037974684	-0.6793117906328476
0.6835443037974684	-0.6793117906328475
0.6835443037974684	-0.6444517499421701
0.6835443037974684	-0.6444517499421699
0.6835443037974684	-0.5683530207757885
0.6835443037974684	-0.4857895145973107
0.6835443037974684	-0.4296344999614465
0.6835443037974684	-0.297393995452382
0.6835443037974684	-0.1810655157819513
0.6835443037974684	-0.18106551578195085
0.6835443037974684	-0.12427153515751732
0.8354430379746836	-0.8319836316534169
0.8354430379746836	-0.8319836316534168
0.8354430379746836	-0.8037725501968378
0.8354430379746836	-0.8037725501968376
0.8354430379746836	-0.7441487826176741
0.8354430379746836	-0.6444517499421698
0.8354430379746836	-0.5805260028224482
0.8354430379746836	-0.4803459736964626
0.8354430379746836	-0.35290815144740395
0.8354430379746836	-0.19416896328799194
0.8354430379746836	-0.09036145442384691
0.8354430379746836	-0.09036145442384647
0.8354430379746836	-0.03862068281732767
0.9873417721518987	-0.9844163086189155
0.9873417721518987	-0.9844163086189154
0.9873417721518987	-0.9606919473929254
0.9873417721518987	-0.9606919473929252
0.9873417721518987	-0.911392405063291
0.9873417721518987	-0.8319836316534167
0.9873417721518987	-0.7124682166820397
0.9873417721518987	-0.6942787714127434
0.9873417721518987	-0.5261926504006714
0.9873417721518987	-0.43449284498885254
0.9873417721518987	-0.24076366818229933
0.9873417721518987	-0.09744355706476615
0.9873417721518987	-0.0014824593902633687
0.9873417721518987	-0.0014824593902628136
1.1392405063291138	-1.136706041551577
1.1392405063291138	-1.1367060415515768
1.1392405063291138	-1.1162231739265114
1.1392405063291138	-1.1162231739265112
1.1392405063291138	-1.0740862499036161
1.1392405063291138	-1.0075822147915137
1.1392405063291138	-0.9113924050632909
1.1392405063291138	-0.8220350216136479
1.1392405063291138	-0.7745346096596633
1.1392405063291138	-0.5683530207757883
1.1392405063291138	-0.5359186292113526
1.1392405063291138	-0.31369020865454467
1.1392405063291138	-0.13768849183278864
1.1392405063291138	-0.00417598182156198
1.291139240506329	-1.2889034998843396
1.291139240506329	-1.2708759896720134
1.291139240506329	-1.2708759896720132
1.291139240506329	-1.2340311500712848
1.291139240506329	-1.1766025355566834
1.291139240506329	-1.095357349508047
1.291139240506329	-0.9844163086189152
1.291139240506329	-0.9598599045837335
1.291139240506329	-0.8319836316534166
1.291139240506329	-0.6520555041820935
1.291139240506329	-0.6075949367088607
1.291139240506329	-0.40678828483776414
1.291139240506329	-0.2042565977119729
1.291139240506329	-0.039612794886702773
1.4430379746835449	-1.4410379210893884
1.4430379746835449	-1.4249364333640804
1.4430379746835449	-1.3921748946701291
1.4430379746835449	-1.3415332961510658
1.4430379746835449	-1.270875989672014
1.4430379746835449	-1.1766025355566843
1.4430379746835449	-1.1048076050335094
1.4430379746835449	-1.052385300801344
1.4430379746835449	-0.8857142118752366
1.4430379746835449	-0.7788690022927311
1.4430379746835449	-0.6444517499421715
1.4430379746835449	-0.5149299824651119
1.4430379746835449	-0.2911064992005029
1.4430379746835449	-0.10124217802280133
1.4430379746835449	-4.712160915387242e-08
1.59493670886076	-1.5931273643090913
1.59493670886076	-1.5785779512020153
1.59493670886076	-1.5490692193193274
1.59493670886076	-1.5037207498650635
1.59493670886076	-1.4410379210893884
1.59493670886076	-1.3586235812656955
1.59493670886076	-1.254760914706646
1.59493670886076	-1.2547609147066443
1.59493670886076	-1.2525890508205557
1.59493670886076	-1.1162231739265123
1.59493670886076	-0.9363666839952887
1.59493670886076	-0.9133320019885834
1.59493670886076	-0.6793117906328491
1.59493670886076	-0.6793117906328474
1.59493670886076	-0.6340619379692045
1.59493670886076	-0.39315487928595405
1.59493670886076	-0.18315025129709728
1.59493670886076	-0.0022988569810398207
1.59493670886076	-5.1619136559035694e-08
1.746835443037975	-1.74518358882168
1.746835443037975	-1.7319120381252733
1.746835443037975	-1.705059062327366
1.746835443037975	-1.663967263306834
1.746835443037975	-1.6075451003936758
1.746835443037975	-1.534102015953734
1.746835443037975	-1.4410379210893887
1.746835443037975	-1.4082457356742468
1.746835443037975	-1.4082457356742446
1.746835443037975	-1.3242224638604585
1.746835443037975	-1.1766025355566845
1.746835443037975	-1.0532612278726774
1.746835443037975	-1.053261227872676
1.746835443037975	-0.9844163086189166
1.746835443037975	-0.9844163086189155
1.746835443037975	-0.7611325016373656
1.746835443037975	-0.712468216682042
1.746835443037975	-0.7124682166820401
1.746835443037975	-0.5063622244548485
1.746835443037975	-0.28031348471708406
1.746835443037975	-0.08016638776963114
1.746835443037975	-5.5755039852469285e-08
1.8987341772151902	-1.8972145817919186
1.8987341772151902	-1.8850137183783582
1.8987341772151902	-1.860371956544186
1.8987341772151902	-1.8227848101265824
1.8987341772151902	-1.7714284237504714
1.8987341772151902	-1.705059062327366
1.8987341772151902	-1.6218346711946299
1.8987341772151902	-1.564258584584706
1.8987341772151902	-1.5642585845847035
1.8987341772151902	-1.5189873417721522
1.8987341772151902	-1.3921748946701291
1.8987341772151902	-1.234031150071286
1.8987341772151902	-1.234031150071285
1.8987341772151902	-1.1971285493892752
1.8987341772151902	-1.1971285493892734
1.8987341772151902	-1.0302273392089025
1.8987341772151902	-1.0302273392089014
1.8987341772151902	-0.8939336952043193
1.8987341772151902	-0.8939336952043182
1.8987341772151902	-0.7441487826176761
1.8987341772151902	-0.744148782617674
1.8987341772151902	-0.6276772555465908
1.8987341772151902	-0.38872066407740435
1.8987341772151902	-0.1732877014725438
1.8987341772151902	-5.5755039852469285e-08
2.0506329113924053	-2.049225958971956
2.0506329113924053	-2.037935371898543
2.0506329113924053	-2.0379353718985427
2.0506329113924053	-2.015164429583028
2.0506329113924053	-1.9805171863906783
2.0506329113924053	-1.93335524982651
2.0506329113924053	-1.8727333679905755
2.0506329113924053	-1.7972900606884914
2.0506329113924053	-1.7221255128054986
2.0506329113924053	-1.7221255128054969
2.0506329113924053	-1.7050590623273663
2.0506329113924053	-1.5931273643090915
2.0506329113924053	-1.4569614754367763
2.0506329113924053	-1.4569614754367755
2.0506329113924053	-1.3438858562828329
2.0506329113924053	-1.3438858562828306
2.0506329113924053	-1.2889034998843407
2.0506329113924053	-1.2889034998843398
2.0506329113924053	-1.074086249903618
2.0506329113924053	-1.0740862499036163
2.0506329113924053	-1.030914414111385
2.0506329113924053	-1.0309144141113835
2.0506329113924053	-0.7745346096596657
2.0506329113924053	-0.7745346096596637
2.0506329113924053	-0.7548863947619897
2.0506329113924053	-0.7548863947619886
2.0506329113924053	-0.5053331254564224
2.0506329113924053	-0.2776859032908845
2.0506329113924053	-0.07032135229265202
2.0506329113924053	-4.2146848510894035e-08
2.2025316455696213	-2.201221784231308
2.2025316455696213	-2.190714699016096
2.2025316455696213	-2.169547877025677
2.2025316455696213	-2.137404650046121
2.2025316455696213	-2.0937795572795284
2.2025316455696213	-2.037935371898544
2.2025316455696213	-1.9688326172378323
2.2025316455696213	-1.8850137183783595
2.2025316455696213	-1.8813959894475252
2.2025316455696213	-1.8813959894475238
2.2025316455696213	-1.784406094856315
2.2025316455696213	-1.6639672633068354
2.2025316455696213	-1.6639672633068348
2.2025316455696213	-1.518987341772154
2.2025316455696213	-1.518987341772153
2.2025316455696213	-1.4928219507981364
2.2025316455696213	-1.4928219507981346
2.2025316455696213	-1.3415332961510678
2.2025316455696213	-1.3415332961510666
2.2025316455696213	-1.171005847970214
2.2025316455696213	-1.1710058479702121
2.2025316455696213	-1.1162231739265147
2.2025316455696213	-1.1162231739265132
2.2025316455696213	-0.88643044111209
2.2025316455696213	-0.8864304411120885
2.2025316455696213	-0.803772550196841
2.2025316455696213	-0.8037725501968399
2.2025316455696213	-0.627941742816188
2.2025316455696213	-0.6279417428161869
2.2025316455696213	-0.39034103707597567
2.2025316455696213	-0.17130011152757296
2.2025316455696213	-7.884953353001448e-08
2.3544303797468356	-2.353205071113367
2.3544303797468356	-2.3433795372974453
2.3544303797468356	-2.343379537297445
2.3544303797468356	-2.3236038289789906
2.3544303797468356	-2.2936205879303544
2.3544303797468356	-2.2530223251936192
2.3544303797468356	-2.2012217842313073
2.3544303797468356	-2.13740465004612
2.3544303797468356	-2.0604546784178033
2.3544303797468356	-2.0417675582853603
2.3544303797468356	-2.041767558285356
2.3544303797468356	-1.9688326172378312
2.3544303797468356	-1.8603719565441863
2.3544303797468356	-1.8603719565441856
2.3544303797468356	-1.7319120381252735
2.3544303797468356	-1.7319120381252726
2.3544303797468356	-1.6434548905657456
2.3544303797468356	-1.6434548905657447
2.3544303797468356	-1.5785779512020155
2.3544303797468356	-1.5785779512020146
2.3544303797468356	-1.3921748946701296
2.3544303797468356	-1.3921748946701284
2.3544303797468356	-1.3134783898684315
2.3544303797468356	-1.3134783898684301
2.3544303797468356	-1.1568262945616068
2.3544303797468356	-1.1568262945616061
2.3544303797468356	-1.0212316569669362
2.3544303797468356	-1.0212316569669346
2.3544303797468356	-0.8319836316534182
2.3544303797468356	-0.8319836316534144
2.3544303797468356	-0.7549874187191621
2.3544303797468356	-0.7549874187191605
2.3544303797468356	-0.5090539227912441
2.3544303797468356	-0.509053922791243
2.3544303797468356	-0.2805566269014661
2.3544303797468356	-0.06834472873303832
2.5063291139240516	-2.505178101641111
2.5063291139240516	-2.495950894960252
2.5063291139240516	-2.4959508949602514
2.5063291139240516	-2.4773933818177363
2.5063291139240516	-2.449293493153991
2.5063291139240516	-2.411317650590514
2.5063291139240516	-2.3629897497879573
2.5063291139240516	-2.303658362749839
2.5063291139240516	-2.2324463478530245
2.5063291139240516	-2.2030344874369447
2.5063291139240516	-2.148172499807234
2.5063291139240516	-2.0492259589719573
2.5063291139240516	-2.0492259589719564
2.5063291139240516	-1.9333552498265112
2.5063291139240516	-1.9333552498265105
2.5063291139240516	-1.7972900606884927
2.5063291139240516	-1.7972900606884918
2.5063291139240516	-1.7954554751648957
2.5063291139240516	-1.7954554751648923
2.5063291139240516	-1.6359994350788387
2.5063291139240516	-1.6359994350788378
2.5063291139240516	-1.4578338012400738
2.5063291139240516	-1.4578338012400724
2.5063291139240516	-1.44103792108939
2.5063291139240516	-1.4410379210893893
2.5063291139240516	-1.196051828963822
2.5063291139240516	-1.1960518289638193
2.5063291139240516	-1.1585514859932555
2.5063291139240516	-1.1585514859932546
2.5063291139240516	-0.8853902005926567
2.5063291139240516	-0.8853902005926552
2.5063291139240516	-0.8592689999228956
2.5063291139240516	-0.6322703246616647
2.5063291139240516	-0.6322703246616631
2.5063291139240516	-0.3959046277815814
2.5063291139240516	-0.39590462778158053
2.5063291139240516	-0.1746380629841633
2.5063291139240516	-6.664001874625056e-08
2.6582278481012658	-2.6571426356257066
2.6582278481012658	-2.6484449277209157
2.6582278481012658	-2.648444927720915
2.6582278481012658	-2.6309632520033577
2.6582278481012658	-2.60452073916186
2.6582278481012658	-2.568840687385483
2.6582278481012658	-2.52353130012701
2.6582278481012658	-2.46806230014257
2.6582278481012658	-2.4017298684823136
2.6582278481012658	-2.3650537776145457
2.6582278481012658	-2.365053777614543
2.6582278481012658	-2.3236038289789906
2.6582278481012658	-2.232446347853023
2.6582278481012658	-2.2324463478530223
2.6582278481012658	-2.126582278481013
2.6582278481012658	-2.1265822784810124
2.6582278481012658	-2.0036819177123424
2.6582278481012658	-2.003681917712342
2.6582278481012658	-1.948595000159612
2.6582278481012658	-1.8603719565441863
2.6582278481012658	-1.8603719565441854
2.6582278481012658	-1.6914727178217788
2.6582278481012658	-1.6914727178217783
2.6582278481012658	-1.6037284624339776
2.6582278481012658	-1.6037284624339745
2.6582278481012658	-1.488297565235349
2.6582278481012658	-1.488297565235347
2.6582278481012658	-1.2978831025589006
2.6582278481012658	-1.2978831025588997
2.6582278481012658	-1.2340311500712846
2.6582278481012658	-1.018408116515034
2.6582278481012658	-1.0184081165150332
2.6582278481012658	-0.885714211875235
2.6582278481012658	-0.8857142118752325
2.6582278481012658	-0.7589121360899734
2.6582278481012658	-0.7589121360899721
2.6582278481012658	-0.515797529719686
2.6582278481012658	-0.5157975297196846
2.6582278481012658	-0.28703687906741426
2.6582278481012658	-0.28703687906741293
2.6582278481012658	-0.07168999964907097
2.8101265822784818	-2.8091000519858635
2.8101265822784818	-2.800874265506701
2.8101265822784818	-2.8008742655067005
2.8101265822784818	-2.784349789340258
2.8101265822784818	-2.7593775379116385
2.8101265822784818	-2.7257253334065368
2.8101265822784818	-2.6830665923021315
2.8101265822784818	-2.6309632520033586
2.8101265822784818	-2.568840687385484
2.8101265822784818	-2.527723116017704
2.8101265822784818	-2.4959508949602514
2.8101265822784818	-2.411317650590514
2.8101265822784818	-2.4113176505905134
2.8101265822784818	-2.3136525891232136
2.8101265822784818	-2.313652589123213
2.8101265822784818	-2.201221784231308
2.8101265822784818	-2.2012217842313078
2.8101265822784818	-2.102710573324436
2.8101265822784818	-2.1027105733244333
2.8101265822784818	-2.0716225362510174
2.8101265822784818	-2.071622536251017
2.8101265822784818	-1.921383894785852
2.8101265822784818	-1.9213838947858515
2.8101265822784818	-1.7509208889243935
2.8101265822784818	-1.7451835888216811
2.8101265822784818	-1.7451835888216793
2.8101265822784818	-1.5341020159537344
2.8101265822784818	-1.4388748313438082
2.8101265822784818	-1.4388748313438056
2.8101265822784818	-1.270875989672015
2.8101265822784818	-1.2708759896720132
2.8101265822784818	-1.1535303549016485
2.8101265822784818	-1.1535303549016476
2.8101265822784818	-0.9113924050632937
2.8101265822784818	-0.8882374227732852
2.8101265822784818	-0.8882374227732848
2.8101265822784818	-0.6391615843710028
2.8101265822784818	-0.6391615843710015
2.8101265822784818	-0.40400384046705673
2.8101265822784818	-0.4040038404670554
2.8101265822784818	-0.18147443582236433
2.8101265822784818	-0.18147443582236344
2.8101265822784818	-6.664001874625056e-08
2.962025316455696	-2.961051446524242
2.962025316455696	-2.9532489258567463
2.962025316455696	-2.937581712275501
2.962025316455696	-2.913922950873551
2.962025316455696	-2.882075842178776
2.962025316455696	-2.841765103878943
2.962025316455696	-2.792624249749403
2.962025316455696	-2.7341772151898733
2.962025316455696	-2.690966768341244
2.962025316455696	-2.6909667683412413
2.962025316455696	-2.6658119657900117
2.962025316455696	-2.586742232798947
2.962025316455696	-2.5867422327989464
2.962025316455696	-2.4959508949602505
2.962025316455696	-2.392103657927639
2.962025316455696	-2.3921036579276382
2.962025316455696	-2.2734120831031546
2.962025316455696	-2.273412083103154
2.962025316455696	-2.2576825282274684
2.962025316455696	-2.1374046500461197
2.962025316455696	-2.1374046500461192
2.962025316455696	-1.9805171863906783
2.962025316455696	-1.9805171863906768
2.962025316455696	-1.8992368293970787
2.962025316455696	-1.8992368293970767
2.962025316455696	-1.7972900606884905
2.962025316455696	-1.5812777217614216
2.962025316455696	-1.5785779512020144
2.962025316455696	-1.578577951202013
2.962025316455696	-1.3066823190444496
2.962025316455696	-1.290401044026813
2.962025316455696	-1.2904010440268103
2.962025316455696	-1.0197343277392876
2.962025316455696	-1.019734327739287
2.962025316455696	-0.9363666839952873
2.962025316455696	-0.936366683995285
2.962025316455696	-0.765257114001104
2.962025316455696	-0.7652571140011033
2.962025316455696	-0.5244711071972343
2.962025316455696	-0.5244711071972328
2.962025316455696	-0.29583687486635113
2.962025316455696	-0.29583687486635024
2.962025316455696	-0.0785315001793978
2.962025316455696	-0.07853150017939714
3.113924050632912	-3.1129977010510177
3.113924050632912	-3.1055769570016523
3.113924050632912	-3.090682017626705
3.113924050632912	-3.0682040319074675
3.113924050632912	-3.0379746835443044
3.113924050632912	-2.99975964427314
3.113924050632912	-2.953248925856747
3.113924050632912	-2.898043143545152
3.113924050632912	-2.854726616407863
3.113924050632912	-2.833634142710527
3.113924050632912	-2.759377537911639
3.113924050632912	-2.7593775379116385
3.113924050632912	-2.674453194176053
3.113924050632912	-2.6744531941760528
3.113924050632912	-2.5778069997686806
3.113924050632912	-2.57780699976868
3.113924050632912	-2.4680623001425714
3.113924050632912	-2.468062300142571
3.113924050632912	-2.413419889938294
3.113924050632912	-2.4134198899382917
3.113924050632912	-2.3433795372974457
3.113924050632912	-2.201221784231308
3.113924050632912	-2.201221784231307
3.113924050632912	-2.0485464874287738
3.113924050632912	-2.0379353718985436
3.113924050632912	-1.8479278573057893
3.113924050632912	-1.847927857305788
3.113924050632912	-1.7249106475936529
3.113924050632912	-1.724910647593651
3.113924050632912	-1.621834671194631
3.113924050632912	-1.4287670320772243
3.113924050632912	-1.341533296151067
3.113924050632912	-1.3415332961510655
3.113924050632912	-1.1530452965033773
3.113924050632912	-1.1530452965033748
3.113924050632912	-0.9606919473929281
3.113924050632912	-0.8935731602637227
3.113924050632912	-0.8935731602637222
3.113924050632912	-0.6477026958865904
3.113924050632912	-0.6477026958865897
3.113924050632912	-0.41371631423348565
3.113924050632912	-0.41371631423348454
3.113924050632912	-0.19055487429778428
3.113924050632912	-0.1905548742977834
3.113924050632912	-7.300048299977713e-08
3.2658227848101262	-3.018956473534894
3.2658227848101262	-2.999759644273139
3.2658227848101262	-2.9297166868839355
3.2658227848101262	-2.929716686883935
3.2658227848101262	-2.8498728667281594
3.2658227848101262	-2.759377537911638
3.2658227848101262	-2.7593775379116376
3.2658227848101262	-2.6571426356257066
3.2658227848101262	-2.657142635625706
3.2658227848101262	-2.5698510728845485
3.2658227848101262	-2.541751979344027
3.2658227848101262	-2.5417519793440264
3.2658227848101262	-2.411317650590513
3.2658227848101262	-2.4113176505905116
3.2658227848101262	-2.263240165936912
3.2658227848101262	-2.1987498217353543
3.2658227848101262	-2.198749821735352
3.2658227848101262	-2.093779557279527
3.2658227848101262	-2.0937795572795257
3.2658227848101262	-1.8972145817919182
3.2658227848101262	-1.8696375022102782
3.2658227848101262	-1.6639672633068334
3.2658227848101262	-1.663967263306832
3.2658227848101262	-1.5684431024490553
3.2658227848101262	-1.5684431024490535
3.2658227848101262	-1.3755015399702402
3.2658227848101262	-1.2879151354435074
3.2658227848101262	-1.0237521849058244
3.2658227848101262	-1.0237521849058222
3.2658227848101262	-0.984416308618915
3.2658227848101262	-0.9844163086189124
3.2658227848101262	-0.7731898511437643
3.2658227848101262	-0.7731898511437634
3.2658227848101262	-0.5343813877548509
3.2658227848101262	-0.53438138775485
3.2658227848101262	-0.30610245208028086
3.2658227848101262	-0.30610245208027953
3.2658227848101262	-0.08761566999362635
3.2658227848101262	-0.08761566999362547
3.2658227848101262	-3.018956473534894
3.2658227848101262	-3.0189564735348973
3.2658227848101262	-3.060674685510362
3.2658227848101262	-3.1129977010510173
3.2658227848101262	-3.157155902404029
3.2658227848101262	-3.193488006323337
3.2658227848101262	-3.222258749710849
3.2658227848101262	-3.243669342389259
3.2658227848101262	-3.25786489967502
3.417721518987342	-3.416877532922125
3.417721518987342	-3.410118124654732
3.417721518987342	-3.396558953164238
3.417721518987342	-3.376118091781196
3.417721518987342	-3.3486695217795353
3.417721518987342	-3.3140391234336355
3.417721518987342	-3.271998870157674
3.417721518987342	-3.22225874971085
3.417721518987342	-3.183618463612305
3.417721518987342	-3.183618463612304
3.417721518987342	-3.1644556945822275
3.417721518987342	-3.098138438638655
3.417721518987342	-3.0981384386386543
3.417721518987342	-3.0227466443745423
3.417721518987342	-2.937581712275502
3.417721518987342	-2.9375817122755015
3.417721518987342	-2.8417651038789438
3.417721518987342	-2.8417651038789433
3.417721518987342	-2.734177215189874
3.417721518987342	-2.7341772151898738
3.417721518987342	-2.726917922782476
3.417721518987342	-2.7269179227824734
3.417721518987342	-2.6133646380889
3.417721518987342	-2.6133646380888993
3.417721518987342	-2.477393381817736
3.417721518987342	-2.3497671027285754
3.417721518987342	-2.323603828978991
3.417721518987342	-2.32360382897899
3.417721518987342	-2.148172499807234
3.417721518987342	-2.0153524596868357
3.417721518987342	-2.015352459686834
3.417721518987342	-1.945252932890993
3.417721518987342	-1.945252932890992
3.417721518987342	-1.7092892313540813
3.417721518987342	-1.7050590623273671
3.417721518987342	-1.4241564027929052
3.417721518987342	-1.424156402792904
3.417721518987342	-1.40865091070821
3.417721518987342	-1.408650910708208
3.417721518987342	-1.1555384382095242
3.417721518987342	-1.0075822147915168
3.417721518987342	-1.0075822147915159
3.417721518987342	-0.9005762212424928
3.417721518987342	-0.900576221242491
3.417721518987342	-0.6573264187363637
3.417721518987342	-0.6573264187363628
3.417721518987342	-0.42444805871783386
3.417721518987342	-0.424448058717833
3.417721518987342	-0.2010470263991877
3.417721518987342	-0.20104702639918637
3.417721518987342	-5.960464477539063e-08
3.5696202531645564	-3.3486806909064475
3.5696202531645564	-3.3279345266136673
3.5696202531645564	-3.264939533195647
3.5696202531645564	-3.2649395331956463
3.5696202531645564	-3.193488006323337
3.5696202531645564	-3.1129977010510173
3.5696202531645564	-3.1129977010510164
3.5696202531645564	-3.0227466443745414
3.5696202531645564	-3.022746644374541
3.5696202531645564	-2.921830490380457
3.5696202531645564	-2.9218304903804566
3.5696202531645564	-2.8845718736613657
3.5696202531645564	-2.884571873661365
3.5696202531645564	-2.809100051985862
3.5696202531645564	-2.8091000519858613
3.5696202531645564	-2.6830665923021297
3.5696202531645564	-2.5417519793440264
3.5696202531645564	-2.5417519793440255
3.5696202531645564	-2.501532834251682
3.5696202531645564	-2.50153283425168
3.5696202531645564	-2.3824385531176886
3.5696202531645564	-2.2012217842313064
3.5696202531645564	-2.2012217842313055
3.5696202531645564	-2.1619704877775203
3.5696202531645564	-1.992133222572759
3.5696202531645564	-1.8511958795036403
3.5696202531645564	-1.8511958795036385
3.5696202531645564	-1.745183588821679
3.5696202531645564	-1.7451835888216773
3.5696202531645564	-1.5616267776735788
3.5696202531645564	-1.4410379210893876
3.5696202531645564	-1.4410379210893869
3.5696202531645564	-1.2887435553509214
3.5696202531645564	-1.2887435553509197
3.5696202531645564	-1.0302273392088996
3.5696202531645564	-1.0302273392088979
3.5696202531645564	-1.029606545076828
3.5696202531645564	-0.7821970535162448
3.5696202531645564	-0.7821970535162426
3.5696202531645564	-0.5450896764269633
3.5696202531645564	-0.5450896764269628
3.5696202531645564	-0.3172818347766222
3.5696202531645564	-0.3172818347766213
3.5696202531645564	-0.09811062176523899
3.5696202531645564	-0.09811062176523766
3.5696202531645564	-3.3486806909064475
3.5696202531645564	-3.3486806909064493
3.5696202531645564	-3.382945435643557
3.5696202531645564	-3.430356392092014
3.5696202531645564	-3.4704788836848186
3.5696202531645564	-3.503563319899988
3.5696202531645564	-3.5298076066700506
3.5696202531645564	-3.549363477128482
3.5696202531645564	-3.562341083410199
3.7215189873417724	-3.720743913088372
3.7215189873417724	-3.714537496902527
3.7215189873417724	-3.7020934502138556
3.7215189873417724	-3.6833485528047016
3.7215189873417724	-3.658205947987533
3.7215189873417724	-3.626532573057212
3.7215189873417724	-3.5881554868914587
3.7215189873417724	-3.5428568475009423
3.7215189873417724	-3.514115715544855
3.7215189873417724	-3.514115715544853
3.7215189873417724	-3.4903671776433596
3.7215189873417724	-3.4303563920920155
3.7215189873417724	-3.4303563920920146
3.7215189873417724	-3.3624218158752393
3.7215189873417724	-3.286072048524143
3.7215189873417724	-3.2860720485241424
3.7215189873417724	-3.2007049375755163
3.7215189873417724	-3.200704937575516
3.7215189873417724	-3.1055769570016523
3.7215189873417724	-3.105576957001652
3.7215189873417724	-3.0427714358030116
3.7215189873417724	-3.04277143580301
3.7215189873417724	-2.99975964427314
3.7215189873417724	-2.999759644273139
3.7215189873417724	-2.8820758421787764
3.7215189873417724	-2.751003079940481
3.7215189873417724	-2.7510030799404808
3.7215189873417724	-2.653991808433944
3.7215189873417724	-2.6539918084339433
3.7215189873417724	-2.604520739161861
3.7215189873417724	-2.439854947474787
3.7215189873417724	-2.439854947474786
3.7215189873417724	-2.3094212259487077
3.7215189873417724	-2.309421225948706
3.7215189873417724	-2.2530223251936197
3.7215189873417724	-2.0379353718985436
3.7215189873417724	-2.0379353718985422
3.7215189873417724	-1.9940745166211093
3.7215189873417724	-1.7844060948563147
3.7215189873417724	-1.7844060948563143
3.7215189873417724	-1.7002144222740383
3.7215189873417724	-1.7002144222740365
3.7215189873417724	-1.4727128680758477
3.7215189873417724	-1.4727128680758463
3.7215189873417724	-1.423224063115451
3.7215189873417724	-1.1600924657330585
3.7215189873417724	-1.1600924657330576
3.7215189873417724	-1.0523853008013462
3.7215189873417724	-1.0523853008013444
3.7215189873417724	-0.9087392620060193
3.7215189873417724	-0.6676755102133569
3.7215189873417724	-0.6676755102133551
3.7215189873417724	-0.435822108630298
3.7215189873417724	-0.4358221086302976
3.7215189873417724	-0.21241327877932448
3.7215189873417724	-0.2124132787793236
3.7215189873417724	-5.960464477539063e-08
3.8734177215189884	-3.8726730482983185
3.8734177215189884	-3.8667104996530206
3.8734177215189884	-3.85475773380745
3.8734177215189884	-3.8367587666780025
3.8734177215189884	-3.8126279690160416
3.8734177215189884	-3.7822479791358186
3.8734177215189884	-3.7454667359811515
3.8734177215189884	-3.7020934502138565
3.8734177215189884	-3.679899533302064
3.8734177215189884	-3.6798995333020623
3.8734177215189884	-3.6518932496722973
3.8734177215189884	-3.5945801213769832
3.8734177215189884	-3.594580121376983
3.8734177215189884	-3.5298076066700523
3.8734177215189884	-3.529807606670052
3.8734177215189884	-3.4571564587567734
3.8734177215189884	-3.376118091781197
3.8734177215189884	-3.3761180917811964
3.8734177215189884	-3.2860720485241433
3.8734177215189884	-3.2014805210918698
3.8734177215189884	-3.2014805210918684
3.8734177215189884	-3.1862547286181835
3.8734177215189884	-3.1862547286181826
3.8734177215189884	-3.075714946529103
3.8734177215189884	-2.9532489258567476
3.8734177215189884	-2.953248925856747
3.8734177215189884	-2.817301821416418
3.8734177215189884	-2.8070965066798945
3.8734177215189884	-2.807096506679893
3.8734177215189884	-2.6658119657900134
3.8734177215189884	-2.6658119657900126
3.8734177215189884	-2.4959508949602522
3.8734177215189884	-2.4576449986093616
3.8734177215189884	-2.4576449986093607
3.8734177215189884	-2.30365836274984
3.8734177215189884	-2.303658362749839
3.8734177215189884	-2.1378514997371654
3.8734177215189884	-2.1378514997371636
3.8734177215189884	-2.0827305115142436
3.8734177215189884	-2.082730511514243
3.8734177215189884	-1.8398285504339116
3.8734177215189884	-1.8227848101265844
3.8734177215189884	-1.8227848101265836
3.8734177215189884	-1.5588668351899093
3.8734177215189884	-1.558866835189908
3.8734177215189884	-1.5037207498650669
3.8734177215189884	-1.5037207498650658
3.8734177215189884	-1.291890187437431
3.8734177215189884	-1.0740862499036208
3.8734177215189884	-1.074086249903619
3.8734177215189884	-1.0367653696721395
3.8734177215189884	-1.0367653696721382
3.8734177215189884	-0.7919532895352144
3.8734177215189884	-0.5563189929465668
3.8734177215189884	-0.5563189929465651
3.8734177215189884	-0.32902558590864794
3.8734177215189884	-0.3290255859086475
3.8734177215189884	-0.10947902841845036
3.8734177215189884	-0.10947902841844948
3.8734177215189884	-1.0323827311807139e-07
4.025316455696203	-4.024599888453197
4.025316455696203	-4.018862750984189
4.025316455696203	-4.007363835424685
4.025316455696203	-3.990053327563655
4.025316455696203	-3.96685514649132
4.025316455696203	-3.9376652344756624
4.025316455696203	-3.902349137822318
4.025316455696203	-3.860738742421925
4.025316455696203	-3.8460108734994867
4.025316455696203	-3.846010873499482
4.025316455696203	-3.812627969016041
4.025316455696203	-3.757767152461666
4.025316455696203	-3.7577671524616654
4.025316455696203	-3.695855714611577
4.025316455696203	-3.626532573057212
4.025316455696203	-3.5493634771284834
4.025316455696203	-3.549363477128483
4.025316455696203	-3.463824076250546
4.025316455696203	-3.3692769133395704
4.025316455696203	-3.3692769133395695
4.025316455696203	-3.36066729793942
4.025316455696203	-3.360667297939419
4.025316455696203	-3.2649395331956472
4.025316455696203	-3.14983919291054
4.025316455696203	-3.1498391929105396
4.025316455696203	-3.0227466443745423
4.025316455696203	-2.9608053508511807
4.025316455696203	-2.96080535085118
4.025316455696203	-2.882075842178777
4.025316455696203	-2.882075842178776
4.025316455696203	-2.7257253334065363
4.025316455696203	-2.6065901775659714
4.025316455696203	-2.60659017756597
4.025316455696203	-2.5508135124678484
4.025316455696203	-2.5508135124678475
4.025316455696203	-2.353205071113368
4.025316455696203	-2.3532050711133676
4.025316455696203	-2.2824640801494698
4.025316455696203	-2.282464080149469
4.025316455696203	-2.1265822784810133
4.025316455696203	-2.1265822784810124
4.025316455696203	-1.9803933327869219
4.025316455696203	-1.9803933327869203
4.025316455696203	-1.8603719565441874
4.025316455696203	-1.8603719565441865
4.025316455696203	-1.6955797240501789
4.025316455696203	-1.5341020159537344
4.025316455696203	-1.5341020159537333
4.025316455696203	-1.4248860359698918
4.025316455696203	-1.4248860359698905
4.025316455696203	-1.1661318688246993
4.025316455696203	-1.0953573495080495
4.025316455696203	-1.0953573495080449
4.025316455696203	-0.9177365135466999
4.025316455696203	-0.9177365135466986
4.025316455696203	-0.6785223505040836
4.025316455696203	-0.44760187939375573
4.025316455696203	-0.4476018793937535
4.025316455696203	-0.22431379167202437
4.025316455696203	-0.22431379167202392
4.025316455696203	-0.008192282389955396
4.025316455696203	-0.008192282389954508
4.177215189873419	-4.176524684010387
4.177215189873419	-4.170996521846881
4.177215189873419	-4.159918158267085
4.177215189873419	-4.143245072502033
4.177215189873419	-4.120909356835607
4.177215189873419	-4.09281830439721
4.177215189873419	-4.058852420016422
4.177215189873419	-4.01886275098419
4.177215189873419	-4.012430700213843
4.177215189873419	-3.9726673915813744
4.177215189873419	-3.92004695713335
4.177215189873419	-3.9200469571333496
4.177215189873419	-3.8607387424219257
4.177215189873419	-3.8607387424219253
4.177215189873419	-3.794429163583838
4.177215189873419	-3.7944291635838376
4.177215189873419	-3.720743913088373
4.177215189873419	-3.6392350027476286
4.177215189873419	-3.639235002747628
4.177215189873419	-3.5493634771284843
4.177215189873419	-3.5493634771284834
4.177215189873419	-3.5203033846217853
4.177215189873419	-3.5203033846217817
4.177215189873419	-3.4504759569419394
4.177215189873419	-3.341772151898735
4.177215189873419	-3.3417721518987347
4.177215189873419	-3.222258749710851
4.177215189873419	-3.115081494737842
4.177215189873419	-3.1150814947378405
4.177215189873419	-3.090682017626706
4.177215189873419	-3.090682017626705
4.177215189873419	-2.9454257361516953
4.177215189873419	-2.784349789340259
4.177215189873419	-2.784349789340258
4.177215189873419	-2.7562113981206906
4.177215189873419	-2.7562113981206897
4.177215189873419	-2.6045207391618623
4.177215189873419	-2.604520739161862
4.177215189873419	-2.427857756000425
4.177215189873419	-2.427857756000424
4.177215189873419	-2.401729868482315
4.177215189873419	-2.4017298684823145
4.177215189873419	-2.169547877025679
4.177215189873419	-2.169547877025678
4.177215189873419	-2.1218439192680574
4.177215189873419	-2.1218439192680565
4.177215189873419	-1.8972145817919208
4.177215189873419	-1.89721458179192
4.177215189873419	-1.833285509199333
4.177215189873419	-1.8332855091993312
4.177215189873419	-1.5638931859727123
4.177215189873419	-1.563893185972709
4.177215189873419	-1.558987164799301
4.177215189873419	-1.2967250894649092
4.177215189873419	-1.2967250894649074
4.177215189873419	-1.1162231739265143
4.177215189873419	-1.044882415604548
4.177215189873419	-0.8022472115511148
4.177215189873419	-0.8022472115511134
4.177215189873419	-0.5678944152923449
4.177215189873419	-0.3411158377496242
4.177215189873419	-0.3411158377496224
4.177215189873419	-0.1213812343696854
4.177215189873419	-0.12138123436968451
4.177215189873419	-8.429369702178807e-08
4.329113924050633	-4.328447650260762
4.329113924050633	-4.323113763268164
4.329113924050633	-4.312426197441536
4.329113924050633	-4.296344999614466
4.329113924050633	-4.27480930009224
4.329113924050633	-4.247736137957336
4.329113924050633	-4.215018812813653
4.329113924050633	-4.179141845859052
4.329113924050633	-4.179141845859048
4.329113924050633	-4.176524684010386
4.329113924050633	-4.132092306451274
4.329113924050633	-4.081527749633743
4.329113924050633	-4.024599888453197
4.329113924050633	-4.024599888453196
4.329113924050633	-3.9610343727813566
4.329113924050633	-3.961034372781356
4.329113924050633	-3.8905058657819844
4.329113924050633	-3.890505865781984
4.329113924050633	-3.8126279690160407
4.329113924050633	-3.8126279690160403
4.329113924050633	-3.7269399938385717
4.329113924050633	-3.7269399938385708
4.329113924050633	-3.6803632623585276
4.329113924050633	-3.632889339676374
4.329113924050633	-3.529807606670051
4.329113924050633	-3.5298076066700506
4.329113924050633	-3.4168775329221246
4.329113924050633	-3.2930860843562737
4.329113924050633	-3.293086084356273
4.329113924050633	-3.269891962928341
4.329113924050633	-3.2698919629283374
4.329113924050633	-3.1571559024040297
4.329113924050633	-3.0074414997301266
4.329113924050633	-3.0074414997301258
4.329113924050633	-2.9064683189189835
4.329113924050633	-2.906468318918982
4.329113924050633	-2.8417651038789433
4.329113924050633	-2.841765103878943
4.329113924050633	-2.6571426356257066
4.329113924050633	-2.657142635625706
4.329113924050633	-2.5739844766986164
4.329113924050633	-2.573984476698615
4.329113924050633	-2.449293493153991
4.329113924050633	-2.44929349315399
4.329113924050633	-2.26412379980689
4.329113924050633	-2.2641237998068893
4.329113924050633	-2.2116789537054746
4.329113924050633	-2.2116789537054737
4.329113924050633	-1.9719179489185183
4.329113924050633	-1.971917948918518
4.329113924050633	-1.9333552498265107
4.329113924050633	-1.9333552498265079
4.329113924050633	-1.6941155561384762
4.329113924050633	-1.6941155561384749
4.329113924050633	-1.5931273643090906
4.329113924050633	-1.4284519852829698
4.329113924050633	-1.1732777455858803
4.329113924050633	-1.173277745585879
4.329113924050633	-1.136706041551577
4.329113924050633	-1.136706041551574
4.329113924050633	-0.9273518871994226
4.329113924050633	-0.6897200127603575
4.329113924050633	-0.6897200127603562
4.329113924050633	-0.4596399912496172
4.329113924050633	-0.23653743188540055
4.329113924050633	-0.23653743188539877
4.329113924050633	-0.019982326841134768
4.329113924050633	-0.019982326841134324
4.481012658227849	-4.480368973291938
4.481012658227849	-4.4752161608069585
4.481012658227849	-4.464892695706046
4.481012658227849	-4.449362587101816
4.481012658227849	-4.4285710593761785
4.481012658227849	-4.402443568462615
4.481012658227849	-4.370884426310328
4.481012658227849	-4.346128733038219
4.481012658227849	-4.333774972461907
4.481012658227849	-4.290971207643201
4.481012658227849	-4.242300772790565
4.481012658227849	-4.187559114559056
4.481012658227849	-4.187559114559055
4.481012658227849	-4.1265046199107225
4.481012658227849	-4.126504619910722
4.481012658227849	-4.058852420016422
4.481012658227849	-4.0588524200164215
4.481012658227849	-3.9842664451455203
4.481012658227849	-3.98426644514552
4.481012658227849	-3.902349137822319
4.481012658227849	-3.902349137822318
4.481012658227849	-3.840823834165773
4.481012658227849	-3.840823834165771
4.481012658227849	-3.812627969016041
4.481012658227849	-3.7145374969025275
4.481012658227849	-3.714537496902527
4.481012658227849	-3.6073950644165835
4.481012658227849	-3.4903671776433605
4.481012658227849	-3.4903671776433596
4.481012658227849	-3.4252070169681277
4.481012658227849	-3.3624218158752397
4.481012658227849	-3.222258749710851
4.481012658227849	-3.22225874971085
4.481012658227849	-3.068204031907468
4.481012658227849	-3.05732473248478
4.481012658227849	-3.0573247324847768
4.481012658227849	-2.8980431435451526
4.481012658227849	-2.8980431435451517
4.481012658227849	-2.7208013904007955
4.481012658227849	-2.7208013904007946
4.481012658227849	-2.708742455715497
4.481012658227849	-2.708742455715496
4.481012658227849	-2.4959508949602522
4.481012658227849	-2.4959508949602514
4.481012658227849	-2.407183011987315
4.481012658227849	-2.4071830119873137
4.481012658227849	-2.253022325193621
4.481012658227849	-2.253022325193619
4.481012658227849	-2.1114191606235546
4.481012658227849	-2.1114191606235533
4.481012658227849	-1.9688326172378319
4.481012658227849	-1.8302041104522826
4.481012658227849	-1.8302041104522822
4.481012658227849	-1.621834671194631
4.481012658227849	-1.6218346711946288
4.481012658227849	-1.561234192988569
4.481012658227849	-1.5612341929885676
4.481012658227849	-1.3028296378802935
4.481012658227849	-1.1568262945616083
4.481012658227849	-1.0537238615231375
4.481012658227849	-1.0537238615231361
4.481012658227849	-0.812938310099077
4.481012658227849	-0.5797050430191186
4.481012658227849	-0.5797050430191173
4.481012658227849	-0.3534183797869135
4.481012658227849	-0.13360622929319588
4.481012658227849	-0.1336062292931941
4.481012658227849	-8.429369702178807e-08
4.632911392405063	-4.6322888147777945
4.632911392405063	-4.627305178246425
4.632911392405063	-4.617321768173365
4.632911392405063	-4.6023060478612
4.632911392405063	-4.582208545518488
4.632911392405063	-4.556962025316455
4.632911392405063	-4.526480331873825
4.632911392405063	-4.513377156947512
4.632911392405063	-4.5133771569475085
4.632911392405063	-4.4906568604844
4.632911392405063	-4.449362587101815
4.632911392405063	-4.402443568462614
4.632911392405063	-4.349717791375094
4.632911392405063	-4.2909712076432
4.632911392405063	-4.290971207643199
4.632911392405063	-4.225952732124624
4.632911392405063	-4.154367898079193
4.632911392405063	-4.154367898079192
4.632911392405063	-4.075870743797085
4.632911392405063	-4.0758707437970845
4.632911392405063	-4.001664082984207
4.632911392405063	-3.9900533275636545
4.632911392405063	-3.8964320015333644
4.632911392405063	-3.896432001533364
4.632911392405063	-3.7944291635838368
4.632911392405063	-3.683348552804701
4.632911392405063	-3.6833485528047003
4.632911392405063	-3.5809996736477556
4.632911392405063	-3.5809996736477534
4.632911392405063	-3.5623410834101996
4.632911392405063	-3.4303563920920146
4.632911392405063	-3.4303563920920137
4.632911392405063	-3.286072048524142
4.632911392405063	-3.208747906077254
4.632911392405063	-3.1277863719454175
4.632911392405063	-3.127786371945417
4.632911392405063	-2.9532489258567467
4.632911392405063	-2.9532489258567463
4.632911392405063	-2.868269942165914
4.632911392405063	-2.8682699421659112
4.632911392405063	-2.7593775379116376
4.632911392405063	-2.759377537911637
4.632911392405063	-2.550976888593185
4.632911392405063	-2.5509768885931843
4.632911392405063	-2.541751979344027
4.632911392405063	-2.541751979344025
4.632911392405063	-2.2936205879303535
4.632911392405063	-2.2517378415154075
4.632911392405063	-2.2517378415154066
4.632911392405063	-2.0036819177123415
4.632911392405063	-2.0036819177123397
4.632911392405063	-1.9671940538747954
4.632911392405063	-1.967194053874795
4.632911392405063	-1.695004164659053
4.632911392405063	-1.6950041646590526
4.632911392405063	-1.6500426062582596
4.632911392405063	-1.4334597316143274
4.632911392405063	-1.4334597316143256
4.632911392405063	-1.1812707413891665
4.632911392405063	-1.1766025355566831
4.632911392405063	-1.17660253555668
4.632911392405063	-0.9374377632359612
4.632911392405063	-0.9374377632359598
4.632911392405063	-0.7011721415674073
4.632911392405063	-0.4718449663351252
4.632911392405063	-0.47184496633512385
4.632911392405063	-0.24895485412617013
4.632911392405063	-0.03210955558781636
4.632911392405063	-0.03210955558781414
4.784810126582279	-4.784207315855278
4.784810126582279	-4.779382092927274
4.784810126582279	-4.769717002969392
4.784810126582279	-4.755182534429933
4.784810126582279	-4.735733853606045
4.784810126582279	-4.711310102056959
4.784810126582279	-4.681833419976439
4.784810126582279	-4.6808741106353695
4.784810126582279	-4.647207657957982
4.784810126582279	-4.607316725499677
4.784810126582279	-4.562022506637329
4.784810126582279	-4.51116224959519
4.784810126582279	-4.5111622495951895
4.784810126582279	-4.45454530590841
4.784810126582279	-4.454545305908409
4.784810126582279	-4.391949051585103
4.784810126582279	-4.391949051585102
4.784810126582279	-4.323113763268164
4.784810126582279	-4.247736137957337
4.784810126582279	-4.247736137957336
4.784810126582279	-4.165461023028483
4.784810126582279	-4.162864799454794
4.784810126582279	-4.162864799454791
4.784810126582279	-4.075870743797085
4.784810126582279	-3.978471145430521
4.784810126582279	-3.8726730482983185
4.784810126582279	-3.8726730482983176
4.784810126582279	-3.7577671524616663
4.784810126582279	-3.7372453279330338
4.784810126582279	-3.632889339676375
4.784810126582279	-3.632889339676374
4.784810126582279	-3.4969714733836987
4.784810126582279	-3.4969714733836983
4.784810126582279	-3.3607080774240283
4.784810126582279	-3.360708077424026
4.784810126582279	-3.3486695217795353
4.784810126582279	-3.348669521779535
4.784810126582279	-3.1862547286181835
4.784810126582279	-3.1862547286181826
4.784810126582279	-3.0163552028125658
4.784810126582279	-3.007441499730127
4.784810126582279	-3.0074414997301266
4.784810126582279	-2.809100051985864
4.784810126582279	-2.809100051985862
4.784810126582279	-2.6954651537935606
4.784810126582279	-2.695465153793558
4.784810126582279	-2.5867422327989473
4.784810126582279	-2.3928280244465765
4.784810126582279	-2.3928280244465756
4.784810126582279	-2.333512632263882
4.784810126582279	-2.33351263226388
4.784810126582279	-2.105033178252159
4.784810126582279	-2.105033178252158
4.784810126582279	-2.0379353718985436
4.784810126582279	-1.8297026068363094
4.784810126582279	-1.8297026068363085
4.784810126582279	-1.6777763570411046
4.784810126582279	-1.6777763570411026
4.784810126582279	-1.5651003486012334
4.784810126582279	-1.565100348601233
4.784810126582279	-1.3099144382856567
4.784810126582279	-1.309914438285655
4.784810126582279	-1.1960518289638224
4.784810126582279	-1.0631266757454951
4.784810126582279	-0.8239308934962555
4.784810126582279	-0.8239308934962537
4.784810126582279	-0.5916799821993708
4.784810126582279	-0.3658512690501401
4.784810126582279	-0.3658512690501392
4.784810126582279	-0.14602475240834378
4.784810126582279	-8.429369702178807e-08
4.936708860759493	-4.93612460028514
4.936708860759493	-4.931448024531015
4.936708860759493	-4.922081543094577
4.936708860759493	-4.907998305236509
4.936708860759493	-4.889157551219569
4.936708860759493	-4.865504013583888
4.936708860759493	-4.84860764158419
4.936708860759493	-4.848607641584187
4.936708860759493	-4.836967087014883
4.936708860759493	-4.803459736964626
4.936708860759493	-4.764877106235378
4.936708860759493	-4.721094764937737
4.936708860759493	-4.671966531411554
4.936708860759493	-4.671966531411553
4.936708860759493	-4.617321768173365
4.936708860759493	-4.556962025316455
4.936708860759493	-4.4906568604844
4.936708860759493	-4.41813860422754
4.936708860759493	-4.418138604227539
4.936708860759493	-4.3390957540513515
4.936708860759493	-4.32440836011452
4.936708860759493	-4.253164556962025
4.936708860759493	-4.253164556962024
4.936708860759493	-4.159918158267084
4.936708860759493	-4.0588524200164215
4.936708860759493	-4.058852420016421
4.936708860759493	-3.9493670886075947
4.936708860759493	-3.8939214500907045
4.936708860759493	-3.8939214500907022
4.936708860759493	-3.830740317848655
4.936708860759493	-3.8307403178486545
4.936708860759493	-3.702093450213855
4.936708860759493	-3.7020934502138547
4.936708860759493	-3.562341083410199
4.936708860759493	-3.5623410834101983
4.936708860759493	-3.5131780575564675
4.936708860759493	-3.410118124654731
4.936708860759493	-3.4101181246547307
4.936708860759493	-3.2436693423892584
4.936708860759493	-3.243669342389258
4.936708860759493	-3.16502535325747
4.936708860759493	-3.165025353257468
4.936708860759493	-3.060674685510362
4.936708860759493	-3.06067468551036
4.936708860759493	-2.8579576286926742
4.936708860759493	-2.8406112487687762
4.936708860759493	-2.630963252003357
4.936708860759493	-2.6309632520033555
4.936708860759493	-2.534648179150385
4.936708860759493	-2.5346481791503823
4.936708860759493	-2.3727340787564506
4.936708860759493	-2.2436746108610794
4.936708860759493	-2.2436746108610786
4.936708860759493	-2.0716225362510152
4.936708860759493	-2.0716225362510134
4.936708860759493	-1.9652767440998253
4.936708860759493	-1.965276744099825
4.936708860759493	-1.705059062327365
4.936708860759493	-1.697691966832448
4.936708860759493	-1.697691966832447
4.936708860759493	-1.4395873930457574
4.936708860759493	-1.439587393045757
4.936708860759493	-1.2151898734177204
4.936708860759493	-1.2151898734177176
4.936708860759493	-1.1899274417101664
4.936708860759493	-1.189927441710165
4.936708860759493	-0.9478904711100329
4.936708860759493	-0.7128143178259401
4.936708860759493	-0.7128143178259383
4.936708860759493	-0.48415999927902575
4.936708860759493	-0.26148771788022973
4.936708860759493	-0.26148771788022795
4.936708860759493	-0.04444210366640666
5.088607594936709	-5.088040777046348
5.088607594936709	-5.083503958688055
5.088607594936709	-5.074418153465337
5.088607594936709	-5.06075886044284
5.088607594936709	-5.042488913224658
5.088607594936709	-5.019557967146827
5.088607594936709	-5.016566731906206
5.088607594936709	-4.991901789920502
5.088607594936709	-4.959441331842383
5.088607594936709	-4.922081543094578
5.088607594936709	-4.879709894949573
5.088607594936709	-4.832194548026391
5.088607594936709	-4.83219454802639
5.088607594936709	-4.779382092927274
5.088607594936709	-4.779382092927273
5.088607594936709	-4.721094764937738
5.088607594936709	-4.657127002558752
5.088607594936709	-4.58724117586071
5.088607594936709	-4.587241175860709
5.088607594936709	-4.5111622495951895
5.088607594936709	-4.486278543241891
5.088607594936709	-4.486278543241889
5.088607594936709	-4.428571059376178
5.088607594936709	-4.339095754051352
5.088607594936709	-4.242300772790565
5.088607594936709	-4.242300772790564
5.088607594936709	-4.137672447152275
5.088607594936709	-4.051007337100717
5.088607594936709	-4.024599888453197
5.088607594936709	-4.024599888453196
5.088607594936709	-3.9023491378223185
5.088607594936709	-3.7700274367567164
5.088607594936709	-3.770027436756716
5.088607594936709	-3.6661329100281286
5.088607594936709	-3.666132910028126
5.088607594936709	-3.626532573057213
5.088607594936709	-3.6265325730572124
5.088607594936709	-3.47047888368482
5.088607594936709	-3.4704788836848195
5.088607594936709	-3.314251276673013
5.088607594936709	-3.3000852125165223
5.088607594936709	-3.3000852125165205
5.088607594936709	-3.1129977010510177
5.088607594936709	-2.9863818120743755
5.088607594936709	-2.9863818120743737
5.088607594936709	-2.9059938941330117
5.088607594936709	-2.905993894133011
5.088607594936709	-2.6771605406118786
5.088607594936709	-2.6744531941760528
5.088607594936709	-2.4113176505905143
5.088607594936709	-2.4113176505905125
5.088607594936709	-2.3830759254611467
5.088607594936709	-2.383075925461144
5.088607594936709	-2.104770601602688
5.088607594936709	-2.101679106311896
5.088607594936709	-2.101679106311895
5.088607594936709	-1.8311815101493825
5.088607594936709	-1.831181510149382
5.088607594936709	-1.7319120381252748
5.088607594936709	-1.7319120381252728
5.088607594936709	-1.5702300851245379
5.088607594936709	-1.570230085124537
5.088607594936709	-1.3177728172987682
5.088607594936709	-1.3177728172987677
5.088607594936709	-1.2340311500712888
5.088607594936709	-1.0729739148861586
5.088607594936709	-1.0729739148861568
5.088607594936709	-0.8351581454515191
5.088607594936709	-0.6037733165530343
5.088607594936709	-0.6037733165530326
5.088607594936709	-0.3783647733184248
5.088607594936709	-0.15855852288091654
5.088607594936709	-0.15855852288091565
5.240506329113924	-5.2399559424790905
5.240506329113924	-5.235550766465038
5.240506329113924	-5.226729276177798
5.240506329113924	-5.213469053690282
5.240506329113924	-5.195736114375818
5.240506329113924	-5.1847411968526345
5.240506329113924	-5.173484465597894
5.240506329113924	-5.146655497548582
5.240506329113924	-5.115177186982097
5.240506329113924	-5.078963087787489
5.240506329113924	-5.037911073957569
5.240506329113924	-4.991901789920501
5.240506329113924	-4.940796749556635
5.240506329113924	-4.884436007335754
5.240506329113924	-4.822635301181025
5.240506329113924	-4.755182534429932
5.240506329113924	-4.755182534429931
5.240506329113924	-4.681833419976437
5.240506329113924	-4.648460373638273
5.240506329113924	-4.602306047861199
5.240506329113924	-4.516274049818279
5.240506329113924	-4.4233579074109475
5.240506329113924	-4.423357907410947
5.240506329113924	-4.3231137632681635
5.240506329113924	-4.2150188128136525
5.240506329113924	-4.215018812813652
5.240506329113924	-4.208483905017492
5.240506329113924	-4.2084839050174905
5.240506329113924	-4.098451917943911
5.240506329113924	-3.9726673915813726
5.240506329113924	-3.972667391581372
5.240506329113924	-3.836758766678001
5.240506329113924	-3.8367587666780008
5.240506329113924	-3.8195496863571714
5.240506329113924	-3.68960743336439
5.240506329113924	-3.6896074333643893
5.240506329113924	-3.5298076066700506
5.240506329113924	-3.529807606670049
5.240506329113924	-3.4640062277885058
5.240506329113924	-3.464006227788504
5.240506329113924	-3.3555527140822043
5.240506329113924	-3.1644556945822253
5.240506329113924	-3.1644556945822244
5.240506329113924	-3.1327462674311297
5.240506329113924	-2.9532489258567454
5.240506329113924	-2.8203305905684157
5.240506329113924	-2.820330590568414
5.240506329113924	-2.717247162531389
5.240506329113924	-2.717247162531388
5.240506329113924	-2.5231984775436196
5.240506329113924	-2.449293493153989
5.240506329113924	-2.238866652739908
5.240506329113924	-2.2388666527399055
5.240506329113924	-2.137404650046119
5.240506329113924	-2.137404650046117
5.240506329113924	-1.9655211553908656
5.240506329113924	-1.9655211553908647
5.240506329113924	-1.7583549725757301
5.240506329113924	-1.701789349833026
5.240506329113924	-1.7017893498330257
5.240506329113924	-1.4466034662932417
5.240506329113924	-1.4466034662932412
5.240506329113924	-1.2525890508205508
5.240506329113924	-1.199114451241801
5.240506329113924	-1.1991144512418006
5.240506329113924	-0.9586352792076549
5.240506329113924	-0.9586352792076531
5.240506329113924	-0.724602492038886
5.240506329113924	-0.4965496410769865
5.240506329113924	-0.49654964107698474
5.240506329113924	-0.27408901537100316
5.240506329113924	-0.05689967846774291
5.240506329113924	-0.05689967846774202
5.3924050632911396	-5.391870182065473
5.3924050632911396	-5.3875892205473015
5.3924050632911396	-5.3790170763420075
5.3924050632911396	-5.366133184604261
5.3924050632911396	-5.353121597876309
5.3924050632911396	-5.348906388352105
5.3924050632911396	-5.327294556987397
5.3924050632911396	-5.3012440607438425
5.3924050632911396	-5.2706890854372075
5.3924050632911396	-5.235550766465039
5.3924050632911396	-5.195736114375819
5.3924050632911396	-5.1511366960445075
5.3924050632911396	-5.101627024935696
5.3924050632911396	-5.04706260025402
5.3924050632911396	-4.98727751677428
5.3924050632911396	-4.987277516774279
5.3924050632911396	-4.922081543094578
5.3924050632911396	-4.922081543094577
5.3924050632911396	-4.8512565334697655
5.3924050632911396	-4.8109399902208985
5.3924050632911396	-4.77455199357014
5.3924050632911396	-4.691679557918127
5.3924050632911396	-4.602306047861201
5.3924050632911396	-4.6023060478612
5.3924050632911396	-4.5060446503872384
5.3924050632911396	-4.402443568462615
5.3924050632911396	-4.402443568462614
5.3924050632911396	-4.366333513091757
5.3924050632911396	-4.2909712076432
5.3924050632911396	-4.17099652184688
5.3924050632911396	-4.041762439184833
5.3924050632911396	-4.041762439184832
5.3924050632911396	-3.97340720412908
5.3924050632911396	-3.973407204129078
5.3924050632911396	-3.902349137822318
5.3924050632911396	-3.9023491378223176
5.3924050632911396	-3.7516219853858646
5.3924050632911396	-3.7516219853858632
5.3924050632911396	-3.6142655591768014
5.3924050632911396	-3.5881554868914582
5.3924050632911396	-3.4101181246547316
5.3924050632911396	-3.4101181246547303
5.3924050632911396	-3.2796764885002183
5.3924050632911396	-3.2796764885002165
5.3924050632911396	-3.2150902007873507
5.3924050632911396	-2.99975964427314
5.3924050632911396	-2.9997596442731385
5.3924050632911396	-2.964126645319312
5.3924050632911396	-2.7593775379116385
5.3924050632911396	-2.6640068905487544
5.3924050632911396	-2.6640068905487526
5.3924050632911396	-2.4866894496827703
5.3924050632911396	-2.486689449682769
5.3924050632911396	-2.37680011704403
5.3924050632911396	-2.1695478770256775
5.3924050632911396	-2.100667471751332
5.3924050632911396	-2.10066747175133
5.3924050632911396	-1.8342172068382834
5.3924050632911396	-1.8342172068382825
5.3924050632911396	-1.7844060948563127
5.3924050632911396	-1.5763663055632777
5.3924050632911396	-1.5763663055632768
5.3924050632911396	-1.3262530741268992
5.3924050632911396	-1.3262530741268987
5.3924050632911396	-1.2708759896720168
5.3924050632911396	-1.0831795379057843
5.3924050632911396	-1.0831795379057838
5.3924050632911396	-0.8465722117498866
5.3924050632911396	-0.8465722117498848
5.3924050632911396	-0.6159547646638321
5.3924050632911396	-0.390928801170237
5.3924050632911396	-0.3909288011702352
5.3924050632911396	-0.17116057605056145
5.5443037974683556	-5.543783571917366
5.5443037974683556	-5.539620008752548
5.5443037974683556	-5.531283480313862
5.5443037974683556	-5.521699167499134
5.5443037974683556	-5.518755075823277
5.5443037974683556	-5.502006159880963
5.5443037974683556	-5.480998041317079
5.5443037974683556	-5.455681517792803
5.5443037974683556	-5.4259962833899005
5.5443037974683556	-5.391870182065474
5.5443037974683556	-5.353218284568942
5.5443037974683556	-5.309941759883101
5.5443037974683556	-5.3099417598831
5.5443037974683556	-5.261926504006717
5.5443037974683556	-5.261926504006716
5.5443037974683556	-5.209041478323722
5.5443037974683556	-5.209041478323721
5.5443037974683556	-5.151136696044508
5.5443037974683556	-5.0880407770463485
5.5443037974683556	-5.088040777046348
5.5443037974683556	-5.019557967146828
5.5443037974683556	-4.973704531990907
5.5443037974683556	-4.945464484891051
5.5443037974683556	-4.94546448489105
5.5443037974683556	-4.86550401358389
5.5443037974683556	-4.779382092927274
5.5443037974683556	-4.6867590745948915
5.5443037974683556	-4.58724117586071
5.5443037974683556	-4.524539813131345
5.5443037974683556	-4.480368973291939
5.5443037974683556	-4.480368973291938
5.5443037974683556	-4.365602388820228
5.5443037974683556	-4.3656023888202276
5.5443037974683556	-4.242300772790566
5.5443037974683556	-4.127685858370184
5.5443037974683556	-4.109695977256311
5.5443037974683556	-4.10969597725631
5.5443037974683556	-3.966855146491322
5.5443037974683556	-3.9668551464913206
5.5443037974683556	-3.8126279690160416
5.5443037974683556	-3.765006490938335
5.5443037974683556	-3.765006490938333
5.5443037974683556	-3.6455696202531658
5.5443037974683556	-3.645569620253165
5.5443037974683556	-3.463824076250547
5.5443037974683556	-3.427146520640753
5.5443037974683556	-3.264939533195649
5.5443037974683556	-3.264939533195648
5.5443037974683556	-3.1085195197545543
5.5443037974683556	-3.1085195197545525
5.5443037974683556	-3.0455601502425473
5.5443037974683556	-2.8054686468027263
5.5443037974683556	-2.8008742655067023
5.5443037974683556	-2.800874265506701
5.5443037974683556	-2.523531300127013
5.5443037974683556	-2.515443500729387
5.5443037974683556	-2.5154435007293854
5.5443037974683556	-2.2365807774647894
5.5443037974683556	-2.2012217842313087
5.5443037974683556	-1.9674700161466274
5.5443037974683556	-1.9674700161466252
5.5443037974683556	-1.8100823221994455
5.5443037974683556	-1.7070133557038925
5.5443037974683556	-1.7070133557038911
5.5443037974683556	-1.4543369188583632
5.5443037974683556	-1.4543369188583628
5.5443037974683556	-1.2889034998843434
5.5443037974683556	-1.2087323620625985
5.5443037974683556	-1.2087323620625972
5.5443037974683556	-0.9696169828481862
5.5443037974683556	-0.9696169828481858
5.5443037974683556	-0.7365057769627765
5.5443037974683556	-0.7365057769627756
5.5443037974683556	-0.5089915491014594
5.5443037974683556	-0.2867307537554642
5.5443037974683556	-0.2867307537554633
5.5443037974683556	-0.0694337365800255
5.5443037974683556	-1.0323827311807139e-07
5.69620253164557	-5.695696180026129
5.69620253164557	-5.691643745375756
5.69620253164557	-5.690465743914497
5.69620253164557	-5.690465743914492
5.69620253164557	-5.683530207757886
5.69620253164557	-5.671338137497054
5.69620253164557	-5.655041155135074
5.69620253164557	-5.6346036428328325
5.69620253164557	-5.609980348137536
5.69620253164557	-5.5811158696325585
5.69620253164557	-5.5479440104555975
5.69620253164557	-5.5103869814330295
5.69620253164557	-5.4683544303797476
5.69620253164557	-5.421742267617645
5.69620253164557	-5.4217422676176446
5.69620253164557	-5.370431249518083
5.69620253164557	-5.314285271251413
5.69620253164557	-5.253149306062962
5.69620253164557	-5.186846910064975
5.69620253164557	-5.136742039067152
5.69620253164557	-5.1151771869820974
5.69620253164557	-5.03791107395757
5.69620253164557	-4.954786763635471
5.69620253164557	-4.865504013583889
5.69620253164557	-4.769717002969392
5.69620253164557	-4.683087619329629
5.69620253164557	-4.667025264527763
5.69620253164557	-4.667025264527762
5.69620253164557	-4.556962025316456
5.69620253164557	-4.438978996314671
5.69620253164557	-4.312426197441537
5.69620253164557	-4.312426197441536
5.69620253164557	-4.282367459492244
5.69620253164557	-4.176524684010387
5.69620253164557	-4.176524684010385
5.69620253164557	-4.0303288591660555
5.69620253164557	-3.91620791435416
5.69620253164557	-3.872673048298318
5.69620253164557	-3.872673048298317
5.69620253164557	-3.7020934502138556
5.69620253164557	-3.5751323461625755
5.69620253164557	-3.5751323461625737
5.69620253164557	-3.5167099451514616
5.69620253164557	-3.5167099451514607
5.69620253164557	-3.3140391234336355
5.69620253164557	-3.2534822478509695
5.69620253164557	-3.0906820176267056
5.69620253164557	-3.0906820176267042
5.69620253164557	-2.9475537535035796
5.69620253164557	-2.9475537535035783
5.69620253164557	-2.841765103878944
5.69620253164557	-2.654763669426055
5.69620253164557	-2.5598429690662354
5.69620253164557	-2.3732246422505145
5.69620253164557	-2.3732246422505128
5.69620253164557	-2.2324463478530254
5.69620253164557	-2.1015078477862215
5.69620253164557	-1.838500914467582
5.69620253164557	-1.8385009144675792
5.69620253164557	-1.8353993883941127
5.69620253164557	-1.5833181351985632
5.69620253164557	-1.5833181351985623
5.69620253164557	-1.3352412158154858
5.69620253164557	-1.3352412158154854
5.69620253164557	-1.306682319044451
5.69620253164557	-1.3066823190444468
5.69620253164557	-1.0936787851609076
5.69620253164557	-1.093678785160907
5.69620253164557	-0.8581379483444032
5.69620253164557	-0.8581379483444023
5.69620253164557	-0.6282038951956217
5.69620253164557	-0.6282038951956208
5.69620253164557	-0.40352514230526415
5.69620253164557	-0.1838029508526775
5.69620253164557	-0.18380295085267662
5.848101265822786	-5.847608067317517
5.848101265822786	-5.843660980760916
5.848101265822786	-5.835758798672977
5.848101265822786	-5.823885421573919
5.848101265822786	-5.808016494472455
5.848101265822786	-5.788119154407388
5.848101265822786	-5.764151684357554
5.848101265822786	-5.736063064860519
5.848101265822786	-5.703792411803116
5.848101265822786	-5.667268285421054
5.848101265822786	-5.667268285421053
5.848101265822786	-5.626407851377865
5.848101265822786	-5.5811158696325585
5.848101265822786	-5.531283480313862
5.848101265822786	-5.476786747540238
5.848101265822786	-5.417484911430991
5.848101265822786	-5.41748491143099
5.848101265822786	-5.353218284568942
5.848101265822786	-5.300041366250138
5.848101265822786	-5.3000413662501344
5.848101265822786	-5.283805710661091
5.848101265822786	-5.28380571066109
5.848101265822786	-5.209041478323722
5.848101265822786	-5.128691549205307
5.848101265822786	-5.042488913224659
5.848101265822786	-4.950127818774783
5.848101265822786	-4.950127818774782
5.848101265822786	-4.851256533469767
5.848101265822786	-4.841962794970066
5.848101265822786	-4.745468157512905
5.848101265822786	-4.632288814777795
5.848101265822786	-4.511162249595191
5.848101265822786	-4.51116224959519
5.848101265822786	-4.437435092880309
5.848101265822786	-4.381429398032191
5.848101265822786	-4.38142939803219
5.848101265822786	-4.242300772790566
5.848101265822786	-4.09281830439721
5.848101265822786	-4.092818304397209
5.848101265822786	-4.067850222762155
5.848101265822786	-3.9318012472541133
5.848101265822786	-3.757767152461667
5.848101265822786	-3.7577671524616663
5.848101265822786	-3.723611683709514
5.848101265822786	-3.568812189712629
5.848101265822786	-3.398989846329132
5.848101265822786	-3.3989898463291297
5.848101265822786	-3.362421815875241
5.848101265822786	-3.3624218158752397
5.848101265822786	-3.135154547931693
5.848101265822786	-3.0902344643143778
5.848101265822786	-2.8820758421787773
5.848101265822786	-2.7947300227832668
5.848101265822786	-2.794730022783265
5.848101265822786	-2.5956467074382408
5.848101265822786	-2.5105654905109023
5.848101265822786	-2.2632401659369146
5.848101265822786	-2.2362939944508
5.848101265822786	-2.236293994450798
5.848101265822786	-1.9707889402670369
5.848101265822786	-1.860371956544189
5.848101265822786	-1.860371956544186
5.848101265822786	-1.713153078646453
5.848101265822786	-1.7131530786464508
5.848101265822786	-1.4626584823972295
5.848101265822786	-1.4626584823972282
5.848101265822786	-1.3242224638604607
5.848101265822786	-1.2187055006189547
5.848101265822786	-1.2187055006189542
5.848101265822786	-0.9807938715270499
5.848101265822786	-0.9807938715270494
5.848101265822786	-0.7485019307839225
5.848101265822786	-0.748501930783922
5.848101265822786	-0.5214714220189678
5.848101265822786	-0.5214714220189665
5.848101265822786	-0.29939636541372217
5.848101265822786	-0.08201506065504516
5.848101265822786	-0.08201506065504427
5.848101265822786	-1.1920928955078125e-07
6.0	-5.999519288546278
6.0	-5.995672209414851
6.0	-5.987970636281627
6.0	-5.976399667718279
6.0	-5.96093677073881
6.0	-5.9415515591720345
6.0	-5.918205490261719
6.0	-5.890851472303387
6.0	-5.859433373767871
6.0	-5.823885421573919
6.0	-5.823885421573918
6.0	-5.784131472808031
6.0	-5.740084140058081
6.0	-5.691643745375756
6.0	-5.638697071373342
6.0	-5.581115869632558
6.0	-5.518755075823276
6.0	-5.463592107127785
6.0	-5.451450666813072
6.0	-5.451450666813071
6.0	-5.3790170763420075
6.0	-5.3012440607438425
6.0	-5.301244060743842
6.0	-5.217892872096507
6.0	-5.128691549205306
6.0	-5.128691549205305
6.0	-5.033329071123309
6.0	-5.033329071123308
6.0	-5.001152153232095
6.0	-5.001152153232092
6.0	-4.931448024531016
6.0	-4.931448024531015
6.0	-4.822635301181026
6.0	-4.706410142226734
6.0	-4.592872996395012
6.0	-4.582208545518488
6.0	-4.582208545518487
6.0	-4.449362587101815
6.0	-4.307072469496048
6.0	-4.307072469496047
6.0	-4.219915164679666
6.0	-4.154367898079193
6.0	-3.990053327563655
6.0	-3.990053327563654
6.0	-3.8725638150650905
6.0	-3.8126279690160407
6.0	-3.6201646443988817
6.0	-3.620164644398881
6.0	-3.545019112235447
6.0	-3.410118124654732
6.0	-3.233485043486607
6.0	-3.233485043486606
6.0	-3.179004992879445
6.0	-2.9353142188792276
6.0	-2.9218304903804584
6.0	-2.648572276541199
6.0	-2.648572276541197
6.0	-2.6309632520033577
6.0	-2.3717945827192843
6.0	-2.293620587930354
6.0	-2.2936205879303517
6.0	-2.1038405758111254
6.0	-2.103840575811124
6.0	-1.8850137183783569
6.0	-1.8438017082259304
6.0	-1.5909406733923102
6.0	-1.5909406733923084
6.0	-1.3446498308326986
6.0	-1.3446498308326982
6.0	-1.3415332961510662
6.0	-1.3415332961510609
6.0	-1.1044219177879424
6.0	-1.104421917787942
6.0	-0.8698289194287288
6.0	-0.8698289194287274
6.0	-0.6405065490026742
6.0	-0.6405065490026729
6.0	-0.41614273372721344
6.0	-0.41614273372721167
6.0	-0.19646910350656022
