-4.983445897720199	7.04765677590847
-4.717667752532825	6.6717897184021195
-3.4126376887874703	4.826198502948814
-3.1484477804128956	4.452577551483385
-1.8418240435561961	2.6047325419020266
-1.5792235653338875	2.2333593841143773
-0.27098398340636964	0.38322922451917363
0.22588034647615113	0.3194430494601067
1.5792294602662516	2.2333677208076756
1.796763337530276	2.5410070803100635
3.148458516159578	4.4525927341219464
3.367552714938807	4.762438721472798
4.717682315472977	6.67181031350959
4.938332820724605	6.983857250580918
