E	ky
	-6.0
	-5.94
	-5.880000000000001
	-5.820000000000001
	-5.760000000000002
	-5.700000000000002
	-5.640000000000002
	-5.580000000000003
	-5.520000000000003
	-5.4600000000000035
	-5.400000000000004
	-5.340000000000004
	-5.280000000000005
	-5.220000000000005
	-5.1600000000000055
	-5.100000000000006
	-5.040000000000006
	-4.980000000000007
	-4.920000000000007
	-4.860000000000007
	-4.800000000000008
	-4.740000000000008
	-4.680000000000009
	-4.620000000000009
	-4.560000000000009
	-4.50000000000001
	-4.44000000000001
	-4.3800000000000106
	-4.320000000000011
	-4.260000000000011
	-4.200000000000012
	-4.140000000000012
	-4.0800000000000125
	-4.020000000000013
	-3.9600000000000133
	-3.9000000000000137
	-3.840000000000014
	-3.7800000000000145
	-3.720000000000015
	-3.6600000000000152
	-3.6000000000000156
	-3.540000000000016
	-3.4800000000000164
	-3.420000000000017
	-3.360000000000017
	-3.3000000000000176
	-3.240000000000018
	-3.1800000000000184
	-3.1200000000000188
	-3.060000000000019
	-3.0000000000000195
	-2.94000000000002
	-2.8800000000000203
	-2.8200000000000207
	-2.760000000000021
	-2.7000000000000215
	-2.640000000000022
	-2.5800000000000223
	-2.5200000000000227
	-2.460000000000023
	-2.4000000000000234
	-2.340000000000024
	-2.2800000000000242
	-2.2200000000000246
	-2.160000000000025
	-2.1000000000000254
	-2.040000000000026
	-1.9800000000000262
	-1.9200000000000266
	-1.860000000000027
	-1.8000000000000274
	-1.7400000000000277
	-1.6800000000000281
	-1.6200000000000285
	-1.560000000000029
	-1.5000000000000293
	-1.4400000000000297
	-1.38000000000003
	-1.3200000000000305
	-1.2600000000000309
	-1.2000000000000313
	-1.1400000000000317
	-1.080000000000032
	-1.0200000000000324
	-0.9600000000000328
	-0.9000000000000332
	-0.8400000000000336
	-0.780000000000034
	-0.7200000000000344
	-0.6600000000000348
	-0.6000000000000352
	-0.5400000000000356
	-0.48000000000003595
	-0.42000000000003634
	-0.36000000000003674
	-0.3000000000000371
	-0.24000000000003752
	-0.1800000000000379
	-0.1200000000000383
	-0.06000000000003869
	-3.907985046680551e-14
	0.05999999999996053
	0.11999999999996014
	0.17999999999995975
	0.23999999999995936
	0.29999999999995897
	0.3599999999999586
	0.4199999999999582
	0.4799999999999578
	0.5399999999999574
	0.599999999999957
	0.6599999999999566
	0.7199999999999562
	0.7799999999999558
	0.8399999999999554
	0.8999999999999551
	0.9599999999999547
	1.0199999999999543
	1.0799999999999539
	1.1399999999999535
	1.199999999999953
	1.2599999999999527
	1.3199999999999523
	1.379999999999952
	1.4399999999999515
	1.4999999999999512
	1.5599999999999508
	1.6199999999999504
	1.67999999999995
	1.7399999999999496
	1.7999999999999492
	1.8599999999999488
	1.9199999999999484
	1.979999999999948
	2.0399999999999476
	2.099999999999948
	2.159999999999947
	2.2199999999999456
	2.279999999999946
	2.3399999999999466
	2.3999999999999453
	2.459999999999944
	2.5199999999999445
	2.579999999999945
	2.6399999999999437
	2.6999999999999424
	2.759999999999943
	2.8199999999999434
	2.879999999999942
	2.939999999999941
	2.9999999999999414
	3.059999999999942
	3.1199999999999406
	3.1799999999999393
	3.23999999999994
	3.2999999999999403
	3.359999999999939
	3.4199999999999378
	3.4799999999999383
	3.5399999999999388
	3.5999999999999375
	3.659999999999936
	3.7199999999999367
	3.779999999999937
	3.839999999999936
	3.8999999999999346
	3.959999999999935
	4.019999999999936
	4.079999999999934
	4.139999999999933
	4.199999999999934
	4.259999999999934
	4.319999999999933
	4.3799999999999315
	4.439999999999932
	4.4999999999999325
	4.559999999999931
	4.61999999999993
	4.67999999999993
	4.739999999999931
	4.79999999999993
	4.859999999999928
	4.919999999999929
	4.979999999999929
	5.039999999999928
	5.099999999999927
	5.159999999999927
	5.219999999999928
	5.2799999999999265
	5.339999999999925
	5.399999999999926
	5.459999999999926
	5.519999999999925
	5.579999999999924
	5.639999999999924
	5.699999999999925
	5.759999999999923
	5.819999999999922
	5.879999999999923
	5.939999999999923
