E	ky
35.103399399319336	-6.0
30.963959083198333	-5.94
27.98049849976148	-5.880000000000001
25.70418836715769	-5.820000000000001
23.89201591091831	-5.760000000000002
22.400907960981165	-5.700000000000002
21.14111413470374	-5.640000000000002
20.05345505432609	-5.580000000000003
19.097301996993743	-5.520000000000003
18.24381256966391	-5.4600000000000035
17.47192279401043	-5.400000000000004
16.76586805004072	-5.340000000000004
16.113592652000722	-5.280000000000005
15.505696841468403	-5.220000000000005
14.934720035991244	-5.1600000000000055
14.39464073108033	-5.100000000000006
13.88051957303091	-5.040000000000006
13.388239112679209	-4.980000000000007
12.914310029171961	-4.920000000000007
12.455723687830433	-4.860000000000007
12.009837267484464	-4.800000000000008
11.574281787405324	-4.740000000000008
11.146886016504657	-4.680000000000009
10.72561095342559	-4.620000000000009
10.30849062026293	-4.560000000000009
9.89357548419142	-4.50000000000001
9.47887499430487	-4.44000000000001
9.062295512681702	-4.3800000000000106
8.64156928164363	-4.320000000000011
8.214168877489453	-4.260000000000011
7.777199615432495	-4.200000000000012
7.327259169125799	-4.140000000000012
6.860248514775577	-4.0800000000000125
6.371109902179552	-4.020000000000013
5.853453531171427	-3.9600000000000133
5.299010547410715	-3.9000000000000137
4.696807255082579	-3.840000000000014
4.031876558057406	-3.7800000000000145
3.2831700752669226	-3.720000000000015
2.420022862320212	-3.6600000000000152
1.3958441729501407	-3.6000000000000156
0.13610953921216673	-3.540000000000016
-1.4864189168446558	-3.4800000000000164
-3.7085116004557026	-3.420000000000017
-7.026942646411612	-3.360000000000017
-12.690922124309784	-3.3000000000000176
-24.99597062557934	-3.240000000000018
-75.07874502218142	-3.1800000000000184
152.0034776445763	-3.1200000000000188
44.80760844534313	-3.060000000000019
28.28839834142601	-3.0000000000000195
21.483554517025595	-2.94000000000002
17.710136418898337	-2.8800000000000203
15.272537158986106	-2.8200000000000207
13.541551900791461	-2.760000000000021
12.22991077418164	-2.7000000000000215
11.18777163428446	-2.640000000000022
10.329308743216362	-2.5800000000000223
9.601818019994845	-2.5200000000000227
8.971140001525647	-2.460000000000023
8.41415901300537	-2.4000000000000234
7.914670928852968	-2.340000000000024
7.460977447718008	-2.2800000000000242
7.044420059262282	-2.2200000000000246
6.658451636808982	-2.160000000000025
6.298028874548523	-2.1000000000000254
5.959203246268421	-2.040000000000026
5.6388387092442755	-1.9800000000000262
5.3344125797004285	-1.9200000000000266
5.043872325803156	-1.860000000000027
4.765530775008915	-1.8000000000000274
4.497988226707662	-1.7400000000000277
4.240073740658161	-1.6800000000000281
3.990800309960044	-1.6200000000000285
3.7493302330894958	-1.560000000000029
3.514948077105777	-1.5000000000000293
3.2870393597631495	-1.4400000000000297
3.0650735884062112	-1.38000000000003
2.8485906524561977	-1.3200000000000305
2.6371898222305337	-1.2600000000000309
2.4305207916059746	-1.2000000000000313
2.228276336970651	-1.1400000000000317
2.0301862645162796	-1.080000000000032
1.8360123921910225	-1.0200000000000324
1.6455443685355629	-0.9600000000000328
1.4585961730778028	-0.9000000000000332
1.2750031754730529	-0.8400000000000336
1.0946196556747165	-0.780000000000034
0.9173167069446299	-0.7200000000000344
0.7429804588131287	-0.6600000000000348
0.5715105691770954	-0.6000000000000352
0.40281894432705867	-0.5400000000000356
0.23682865338466885	-0.48000000000003595
0.07347300983681926	-0.42000000000003634
-0.08730520210081716	-0.36000000000003674
-0.2455543744177225	-0.3000000000000371
-0.4013146102363477	-0.24000000000003752
-0.5546181585552116	-0.1800000000000379
-0.7054897581864767	-0.1200000000000383
-0.853946898158741	-0.06000000000003869
-0.9999999999999056	-3.907985046680551e-14
-0.9739468981588539	0.05999999999996053
-0.9454897581865918	0.11999999999996014
-0.914618158555329	0.17999999999995975
-0.8813146102364678	0.23999999999995936
-0.845554374417845	0.29999999999995897
-0.807305202100942	0.3599999999999586
-0.7665269901633085	0.4199999999999582
-0.7231713466154615	0.4799999999999578
-0.6771810556730742	0.5399999999999574
-0.6284894308230402	0.599999999999957
-0.5770195411870099	0.6599999999999566
-0.5226832930555112	0.7199999999999562
-0.4653803443254281	0.7799999999999558
-0.4049968245270952	0.8399999999999554
-0.3414038269223487	0.8999999999999551
-0.2744556314645925	0.9599999999999547
-0.2039876078091365	1.0199999999999543
-0.1298137354838833	1.0799999999999539
-0.05172366302951681	1.1399999999999535
0.030520791605802122	1.199999999999953
0.11718982223035601	1.2599999999999527
0.20859065245601438	1.3199999999999523
0.30507358840602206	1.379999999999952
0.4070393597629536	1.4399999999999515
0.5149480771055734	1.4999999999999512
0.6293302330892847	1.5599999999999508
0.7508003099598237	1.6199999999999504
0.8800737406579311	1.67999999999995
1.0179882267074212	1.7399999999999496
1.1655307750086619	1.7999999999999492
1.3238723258028884	1.8599999999999488
1.4944125797001444	1.9199999999999484
1.6788387092439725	1.979999999999948
1.8792032462680965	2.0399999999999476
2.098028874548177	2.099999999999948
2.3384516368086024	2.159999999999947
2.604420059261863	2.2199999999999456
2.9009774477175503	2.279999999999946
3.234670928852462	2.3399999999999466
3.6141590130047945	2.3999999999999453
4.051140001524981	2.459999999999944
4.561818019994078	2.5199999999999445
5.16930874321546	2.579999999999945
5.90777163428335	2.6399999999999437
6.829910774180229	2.6999999999999424
8.021551900789637	2.759999999999943
9.632537158983618	2.8199999999999434
11.950136418894607	2.879999999999942
15.60355451701934	2.939999999999941
22.288398341413615	2.9999999999999414
38.68760844530652	3.059999999999942
145.7634776440495	3.1199999999999406
-81.43874502234992	3.1799999999999393
-31.47597062560484	3.23999999999994
-19.290922124319614	3.2999999999999403
-13.746942646416919	3.359999999999939
-10.548511600459069	3.4199999999999378
-8.446418916846964	3.4799999999999383
-6.9438904607895315	3.5399999999999388
-5.804155827051201	3.5999999999999375
-4.899977137680892	3.659999999999936
-4.156829924733993	3.7199999999999367
-3.5281234419433725	3.779999999999937
-2.9831927449181137	3.839999999999936
-2.500989452589913	3.8999999999999346
-2.066546468829139	3.959999999999935
-1.6688900978209658	4.019999999999936
-1.2997514852249141	4.079999999999934
-0.9527408308746708	4.139999999999933
-0.6228003845679488	4.199999999999934
-0.30583112251097067	4.259999999999934
0.001569281643211795	4.319999999999933
0.3022955126812876	4.3799999999999315
0.5988749943044649	4.439999999999932
0.8935754841910217	4.4999999999999325
1.1884906202625265	4.559999999999931
1.4856109534251791	4.61999999999993
1.7868860165042433	4.67999999999993
2.0942817874049062	4.739999999999931
2.409837267484032	4.79999999999993
2.7357236878299815	4.859999999999928
3.074310029171497	4.919999999999929
3.4282391126787277	4.979999999999929
3.8005195730304	5.039999999999928
4.194640731079783	5.099999999999927
4.614720035990668	5.159999999999927
5.0656968414677905	5.219999999999928
5.5535926520000505	5.2799999999999265
6.085868050039975	5.339999999999925
6.671922794009618	5.399999999999926
7.323812569663016	5.459999999999926
8.057301996992717	5.519999999999925
8.893455054324903	5.579999999999924
9.861114134702373	5.639999999999924
11.00090796097956	5.699999999999925
12.372015910916335	5.759999999999923
14.064188367155198	5.819999999999922
16.220498499758275	5.879999999999923
19.083959083194024	5.939999999999923
